3377906287674510514,2017-07-31,1.8,1.8,1.8,1.8,1.8,1.8,1.8,1.8,1.8,1.8,1.8,1.8,1.8,1.8,1.8,1.8,1.8,1.8,1.8,1.8,1.8,1.8,1.8,1.8,1.8,1.8,1.8,1.8,1.8,1.8,1.8,1.8,1.8,1.8,1.8,1.8,1.8,1.8,1.8,1.8,1.8,1.8,1.8,1.8,1.8,1.8,1.8,1.8,1.8,1.8,1.8,1.8,1.8,1.8,1.8,1.8,1.8,1.8,1.8,1.8,1.8,1.8,1.8,1.8,1.8,1.8,1.8,1.8,1.8,1.8,1.8,1.8,1.8,1.8,1.8,1.8,1.8,1.8,1.8,1.8,1.8,1.8,1.8,1.8,1.8,1.8,1.8,1.8,1.8,1.8
3377906287674510514,2017-07-30,1.8,1.8,1.8,1.8,1.8,1.8,1.8,1.8,1.8,1.8,1.8,1.8,1.8,1.8,1.8,1.8,1.8,1.8,1.8,1.8,1.8,1.8,1.8,1.8,1.8,1.8,1.8,1.8,1.8,1.8,1.8,1.8,1.8,1.8,1.8,1.8,1.8,1.8,1.8,1.8,1.8,1.8,1.8,1.8,1.8,1.8,1.8,1.8,1.8,1.8,1.8,1.8,1.8,1.8,1.8,1.8,1.8,1.8,1.8,1.8,1.8,1.8,1.8,1.8,1.8,1.8,1.8,1.8,1.8,1.8,1.8,1.8,1.8,1.8,1.8,1.8,1.8,1.8,1.8,1.8,1.8,1.8,1.8,1.8,1.8,1.8,1.8,1.8,1.8,1.8
3377906287674510514,2017-07-29,1.8,1.8,1.8,1.8,1.8,1.8,1.8,1.8,1.8,1.8,1.8,1.8,1.8,1.8,1.8,1.8,1.8,1.8,1.8,1.8,1.8,1.8,1.8,1.8,1.8,1.8,1.8,1.8,1.8,1.8,1.8,1.8,1.8,1.8,1.8,1.8,1.8,1.8,1.8,1.8,1.8,1.8,1.8,1.8,1.8,1.8,1.8,1.8,1.8,1.8,1.8,1.8,1.8,1.8,1.8,1.8,1.8,1.8,1.8,1.8,1.8,1.8,1.8,1.8,1.8,1.8,1.8,1.8,1.8,1.8,1.8,1.8,1.8,1.8,1.8,1.8,1.8,1.8,1.8,1.8,1.8,1.8,1.8,1.8,1.8,1.8,1.8,1.8,1.8,1.8
3377906287674510514,2017-07-27,1.8,1.8,1.8,1.8,1.8,1.8,1.8,1.8,1.8,1.8,1.8,1.8,1.8,1.8,1.8,1.8,1.8,1.8,1.8,1.8,1.8,1.8,1.8,1.8,1.8,1.8,1.8,1.8,1.8,1.8,1.8,1.8,1.8,1.8,1.8,1.8,1.8,1.8,1.8,1.8,1.8,1.8,1.8,1.8,1.8,1.8,1.8,1.8,1.8,1.8,1.8,1.8,1.8,1.8,1.8,1.8,1.8,1.8,1.8,1.8,1.8,1.8,1.8,1.8,1.8,1.8,1.8,1.8,1.8,1.8,1.8,1.8,1.8,1.8,1.8,1.8,1.8,1.8,1.8,1.8,1.8,1.8,1.8,1.8,1.8,1.8,1.8,1.8,1.8,1.8
3377906287674510514,2017-07-28,1.8,1.8,1.8,1.8,1.8,1.8,1.8,1.8,1.8,1.8,1.8,1.8,1.8,1.8,1.8,1.8,1.8,1.8,1.8,1.8,1.8,1.8,1.8,1.8,1.8,1.8,1.8,1.8,1.8,1.8,1.8,1.8,1.8,1.8,1.8,1.8,1.8,1.8,1.8,1.8,1.8,1.8,1.8,1.8,1.8,1.8,1.8,1.8,1.8,1.8,1.8,1.8,1.8,1.8,1.8,1.8,1.8,1.8,1.8,1.8,1.8,1.8,1.8,1.8,1.8,1.8,1.8,1.8,1.8,1.8,1.8,1.8,1.8,1.8,1.8,1.8,1.8,1.8,1.8,1.8,1.8,1.8,1.8,1.8,1.8,1.8,1.8,1.8,1.8,1.8
3377906287674510514,2017-07-25,1.8,1.8,1.8,1.8,1.8,1.8,1.8,1.8,1.8,1.8,1.8,1.8,1.8,1.8,1.8,1.8,1.8,1.8,1.8,1.8,1.8,1.8,1.8,1.8,1.8,1.8,1.8,1.8,1.8,1.8,1.8,1.8,1.8,1.8,1.8,1.8,1.8,1.8,1.8,1.8,1.8,1.8,1.8,1.8,1.8,1.8,1.8,1.8,1.8,1.8,1.8,1.8,1.8,1.8,1.8,1.8,1.8,1.8,1.8,1.8,1.8,1.8,1.8,1.8,1.8,1.8,1.8,1.8,1.8,1.8,1.8,1.8,1.8,1.8,1.8,1.8,1.8,1.8,1.8,1.8,1.8,1.8,1.8,1.8,1.8,1.8,1.8,1.8,1.8,1.8
3377906287674510514,2017-07-26,1.8,1.8,1.8,1.8,1.8,1.8,1.8,1.8,1.8,1.8,1.8,1.8,1.8,1.8,1.8,1.8,1.8,1.8,1.8,1.8,1.8,1.8,1.8,1.8,1.8,1.8,1.8,1.8,1.8,1.8,1.8,1.8,1.8,1.8,1.8,1.8,1.8,1.8,1.8,1.8,1.8,1.8,1.8,1.8,1.8,1.8,1.8,1.8,1.8,1.8,1.8,1.8,1.8,1.8,1.8,1.8,1.8,1.8,1.8,1.8,1.8,1.8,1.8,1.8,1.8,1.8,1.8,1.8,1.8,1.8,1.8,1.8,1.8,1.8,1.8,1.8,1.8,1.8,1.8,1.8,1.8,1.8,1.8,1.8,1.8,1.8,1.8,1.8,1.8,1.8
3377906287674510514,2017-07-22,1.8,1.8,1.8,1.8,1.8,1.8,1.8,1.8,1.8,1.8,1.8,1.8,1.8,1.8,1.8,1.8,1.8,1.8,1.8,1.8,1.8,1.8,1.8,1.8,1.8,1.8,1.8,1.8,1.8,1.8,1.8,1.8,1.8,1.8,1.8,1.8,1.8,1.8,1.8,1.8,1.8,1.8,1.8,1.8,1.8,1.8,1.8,1.8,1.8,1.8,1.8,1.8,1.8,1.8,1.8,1.8,1.8,1.8,1.8,1.8,1.8,1.8,1.8,1.8,1.8,1.8,1.8,1.8,1.8,1.8,1.8,1.8,1.8,1.8,1.8,1.8,1.8,1.8,1.8,1.8,1.8,1.8,1.8,1.8,1.8,1.8,1.8,1.8,1.8,1.8
3377906287674510514,2017-04-23,1.8,1.8,1.8,1.8,1.8,1.8,1.8,1.8,1.8,1.8,1.8,1.8,1.8,1.8,1.8,1.8,1.8,1.8,1.8,1.8,1.8,1.8,1.8,1.8,1.8,1.8,1.8,1.8,1.8,1.8,1.8,1.8,1.8,1.8,1.8,1.8,1.8,1.8,1.8,1.8,1.8,1.8,1.8,1.8,1.8,1.8,1.8,1.8,1.8,1.8,1.8,1.8,1.8,1.8,1.8,1.8,1.8,1.8,1.8,1.8,1.8,1.8,1.8,1.8,1.8,1.8,1.8,1.8,1.8,1.8,1.8,1.8,1.8,1.8,1.8,1.8,1.8,1.8,1.8,1.8,1.8,1.8,1.8,1.8,1.8,1.8,1.8,1.8,1.8,1.8
3377906287674510514,2017-07-21,1.8,1.8,1.8,1.8,1.8,1.8,1.8,1.8,1.8,1.8,1.8,1.8,1.8,1.8,1.8,1.8,1.8,1.8,1.8,1.8,1.8,1.8,1.8,1.8,1.8,1.8,1.8,1.8,1.8,1.8,1.8,1.8,1.8,1.8,1.8,1.8,1.8,1.8,1.8,1.8,1.8,1.8,1.8,1.8,1.8,1.8,1.8,1.8,1.8,1.8,1.8,1.8,1.8,1.8,1.8,1.8,1.8,1.8,1.8,1.8,1.8,1.8,1.8,1.8,1.8,1.8,1.8,1.8,1.8,1.8,1.8,1.8,1.8,1.8,1.8,1.8,1.8,1.8,1.8,1.8,1.8,1.8,1.8,1.8,1.8,1.8,1.8,1.8,1.8,1.8
3377906287674510514,2017-04-22,1.8,1.8,1.8,1.8,1.8,1.8,1.8,1.8,1.8,1.8,1.8,1.8,1.8,1.8,1.8,1.8,1.8,1.8,1.8,1.8,1.8,1.8,1.8,1.8,1.8,1.8,1.8,1.8,1.8,1.8,1.8,1.8,1.8,1.8,1.8,1.8,1.8,1.8,1.8,1.8,1.8,1.8,1.8,1.8,1.8,1.8,1.8,1.8,1.8,1.8,1.8,1.8,1.8,1.8,1.8,1.8,1.8,1.8,1.8,1.8,1.8,1.8,1.8,1.8,1.8,1.8,1.8,1.8,1.8,1.8,1.8,1.8,1.8,1.8,1.8,1.8,1.8,1.8,1.8,1.8,1.8,1.8,1.8,1.8,1.8,1.8,1.8,1.8,1.8,1.8
3377906287674510514,2017-07-24,1.8,1.8,1.8,1.8,1.8,1.8,1.8,1.8,1.8,1.8,1.8,1.8,1.8,1.8,1.8,1.8,1.8,1.8,1.8,1.8,1.8,1.8,1.8,1.8,1.8,1.8,1.8,1.8,1.8,1.8,1.8,1.8,1.8,1.8,1.8,1.8,1.8,1.8,1.8,1.8,1.8,1.8,1.8,1.8,1.8,1.8,1.8,1.8,1.8,1.8,1.8,1.8,1.8,1.8,1.8,1.8,1.8,1.8,1.8,1.8,1.8,1.8,1.8,1.8,1.8,1.8,1.8,1.8,1.8,1.8,1.8,1.8,1.8,1.8,1.8,1.8,1.8,1.8,1.8,1.8,1.8,1.8,1.8,1.8,1.8,1.8,1.8,1.8,1.8,1.8
3377906287674510514,2017-04-25,1.8,1.8,1.8,1.8,1.8,1.8,1.8,1.8,1.8,1.8,1.8,1.8,1.8,1.8,1.8,1.8,1.8,1.8,1.8,1.8,1.8,1.8,1.8,1.8,1.8,1.8,1.8,1.8,1.8,1.8,1.8,1.8,1.8,1.8,1.8,1.8,1.8,1.8,1.8,1.8,1.8,1.8,1.8,1.8,1.8,1.8,1.8,1.8,1.8,1.8,1.8,1.8,1.8,1.8,1.8,1.8,1.8,1.8,1.8,1.8,1.8,1.8,1.8,1.8,1.8,1.8,1.8,1.8,1.8,1.8,1.8,1.8,1.8,1.8,1.8,1.8,1.8,1.8,1.8,1.8,1.8,1.8,1.8,1.8,1.8,1.8,1.8,1.8,1.8,1.8
3377906287674510514,2017-07-23,1.8,1.8,1.8,1.8,1.8,1.8,1.8,1.8,1.8,1.8,1.8,1.8,1.8,1.8,1.8,1.8,1.8,1.8,1.8,1.8,1.8,1.8,1.8,1.8,1.8,1.8,1.8,1.8,1.8,1.8,1.8,1.8,1.8,1.8,1.8,1.8,1.8,1.8,1.8,1.8,1.8,1.8,1.8,1.8,1.8,1.8,1.8,1.8,1.8,1.8,1.8,1.8,1.8,1.8,1.8,1.8,1.8,1.8,1.8,1.8,1.8,1.8,1.8,1.8,1.8,1.8,1.8,1.8,1.8,1.8,1.8,1.8,1.8,1.8,1.8,1.8,1.8,1.8,1.8,1.8,1.8,1.8,1.8,1.8,1.8,1.8,1.8,1.8,1.8,1.8
3377906287674510514,2017-04-24,1.8,1.8,1.8,1.8,1.8,1.8,1.8,1.8,1.8,1.8,1.8,1.8,1.8,1.8,1.8,1.8,1.8,1.8,1.8,1.8,1.8,1.8,1.8,1.8,1.8,1.8,1.8,1.8,1.8,1.8,1.8,1.8,1.8,1.8,1.8,1.8,1.8,1.8,1.8,1.8,1.8,1.8,1.8,1.8,1.8,1.8,1.8,1.8,1.8,1.8,1.8,1.8,1.8,1.8,1.8,1.8,1.8,1.8,1.8,1.8,1.8,1.8,1.8,1.8,1.8,1.8,1.8,1.8,1.8,1.8,1.8,1.8,1.8,1.8,1.8,1.8,1.8,1.8,1.8,1.8,1.8,1.8,1.8,1.8,1.8,1.8,1.8,1.8,1.8,1.8
3377906287674510514,2017-04-27,1.8,1.8,1.8,1.8,1.8,1.8,1.8,1.8,1.8,1.8,1.8,1.8,1.8,1.8,1.8,1.8,1.8,1.8,1.8,1.8,1.8,1.8,1.8,1.8,1.8,1.8,1.8,1.8,1.8,1.8,1.8,1.8,1.8,1.8,1.8,1.8,1.8,1.8,1.8,1.8,1.8,1.8,1.8,1.8,1.8,1.8,1.8,1.8,1.8,1.8,1.8,1.8,1.8,1.8,1.8,1.8,1.8,1.8,1.8,1.8,1.8,1.8,1.8,1.8,1.8,1.8,1.8,1.8,1.8,1.8,1.8,1.8,1.8,1.8,1.8,1.8,1.8,1.8,1.8,1.8,1.8,1.8,1.8,1.8,1.8,1.8,1.8,1.8,1.8,1.8
3377906287674510514,2017-04-26,1.8,1.8,1.8,1.8,1.8,1.8,1.8,1.8,1.8,1.8,1.8,1.8,1.8,1.8,1.8,1.8,1.8,1.8,1.8,1.8,1.8,1.8,1.8,1.8,1.8,1.8,1.8,1.8,1.8,1.8,1.8,1.8,1.8,1.8,1.8,1.8,1.8,1.8,1.8,1.8,1.8,1.8,1.8,1.8,1.8,1.8,1.8,1.8,1.8,1.8,1.8,1.8,1.8,1.8,1.8,1.8,1.8,1.8,1.8,1.8,1.8,1.8,1.8,1.8,1.8,1.8,1.8,1.8,1.8,1.8,1.8,1.8,1.8,1.8,1.8,1.8,1.8,1.8,1.8,1.8,1.8,1.8,1.8,1.8,1.8,1.8,1.8,1.8,1.8,1.8
3377906287674510514,2017-07-20,1.8,1.8,1.8,1.8,1.8,1.8,1.8,1.8,1.8,1.8,1.8,1.8,1.8,1.8,1.8,1.8,1.8,1.8,1.8,1.8,1.8,1.8,1.8,1.8,1.8,1.8,1.8,1.8,1.8,1.8,1.8,1.8,1.8,1.8,1.8,1.8,1.8,1.8,1.8,1.8,1.8,1.8,1.8,1.8,1.8,1.8,1.8,1.8,1.8,1.8,1.8,1.8,1.8,1.8,1.8,1.8,1.8,1.8,1.8,1.8,1.8,1.8,1.8,1.8,1.8,1.8,1.8,1.8,1.8,1.8,1.8,1.8,1.8,1.8,1.8,1.8,1.8,1.8,1.8,1.8,1.8,1.8,1.8,1.8,1.8,1.8,1.8,1.8,1.8,1.8
3377906287674510514,2017-04-29,1.8,1.8,1.8,1.8,1.8,1.8,1.8,1.8,1.8,1.8,1.8,1.8,1.8,1.8,1.8,1.8,1.8,1.8,1.8,1.8,1.8,1.8,1.8,1.8,1.8,1.8,1.8,1.8,1.8,1.8,1.8,1.8,1.8,1.8,1.8,1.8,1.8,1.8,1.8,1.8,1.8,1.8,1.8,1.8,1.8,1.8,1.8,1.8,1.8,1.8,1.8,1.8,1.8,1.8,1.8,1.8,1.8,1.8,1.8,1.8,1.8,1.8,1.8,1.8,1.8,1.8,1.8,1.8,1.8,1.8,1.8,1.8,1.8,1.8,1.8,1.8,1.8,1.8,1.8,1.8,1.8,1.8,1.8,1.8,1.8,1.8,1.8,1.8,1.8,1.8
3377906287674510514,2017-06-01,1.8,1.8,1.8,1.8,1.8,1.8,1.8,1.8,1.8,1.8,1.8,1.8,1.8,1.8,1.8,1.8,1.8,1.8,1.8,1.8,1.8,1.8,1.8,1.8,1.8,1.8,1.8,1.8,1.8,1.8,1.8,1.8,1.8,1.8,1.8,1.8,1.8,1.8,1.8,1.8,1.8,1.8,1.8,1.8,1.8,1.8,1.8,1.8,1.8,1.8,1.8,1.8,1.8,1.8,1.8,1.8,1.8,1.8,1.8,1.8,1.8,1.8,1.8,1.8,1.8,1.8,1.8,1.8,1.8,1.8,1.8,1.8,1.8,1.8,1.8,1.8,1.8,1.8,1.8,1.8,1.8,1.8,1.8,1.8,1.8,1.8,1.8,1.8,1.8,1.8
3377906287674510514,2017-04-28,1.8,1.8,1.8,1.8,1.8,1.8,1.8,1.8,1.8,1.8,1.8,1.8,1.8,1.8,1.8,1.8,1.8,1.8,1.8,1.8,1.8,1.8,1.8,1.8,1.8,1.8,1.8,1.8,1.8,1.8,1.8,1.8,1.8,1.8,1.8,1.8,1.8,1.8,1.8,1.8,1.8,1.8,1.8,1.8,1.8,1.8,1.8,1.8,1.8,1.8,1.8,1.8,1.8,1.8,1.8,1.8,1.8,1.8,1.8,1.8,1.8,1.8,1.8,1.8,1.8,1.8,1.8,1.8,1.8,1.8,1.8,1.8,1.8,1.8,1.8,1.8,1.8,1.8,1.8,1.8,1.8,1.8,1.8,1.8,1.8,1.8,1.8,1.8,1.8,1.8
3377906287674510514,2017-07-18,1.8,1.8,1.8,1.8,1.8,1.8,1.8,1.8,1.8,1.8,1.8,1.8,1.8,1.8,1.8,1.8,1.8,1.8,1.8,1.8,1.8,1.8,1.8,1.8,1.8,1.8,1.8,1.8,1.8,1.8,1.8,1.8,1.8,1.8,1.8,1.8,1.8,1.8,1.8,1.8,1.8,1.8,1.8,1.8,1.8,1.8,1.8,1.8,1.8,1.8,1.8,1.8,1.8,1.8,1.8,1.8,1.8,1.8,1.8,1.8,1.8,1.8,1.8,1.8,1.8,1.8,1.8,1.8,1.8,1.8,1.8,1.8,1.8,1.8,1.8,1.8,1.8,1.8,1.8,1.8,1.8,1.8,1.8,1.8,1.8,1.8,1.8,1.8,1.8,1.8
3377906287674510514,2017-07-19,1.8,1.8,1.8,1.8,1.8,1.8,1.8,1.8,1.8,1.8,1.8,1.8,1.8,1.8,1.8,1.8,1.8,1.8,1.8,1.8,1.8,1.8,1.8,1.8,1.8,1.8,1.8,1.8,1.8,1.8,1.8,1.8,1.8,1.8,1.8,1.8,1.8,1.8,1.8,1.8,1.8,1.8,1.8,1.8,1.8,1.8,1.8,1.8,1.8,1.8,1.8,1.8,1.8,1.8,1.8,1.8,1.8,1.8,1.8,1.8,1.8,1.8,1.8,1.8,1.8,1.8,1.8,1.8,1.8,1.8,1.8,1.8,1.8,1.8,1.8,1.8,1.8,1.8,1.8,1.8,1.8,1.8,1.8,1.8,1.8,1.8,1.8,1.8,1.8,1.8
3377906287674510514,2017-07-14,1.8,1.8,1.8,1.8,1.8,1.8,1.8,1.8,1.8,1.8,1.8,1.8,1.8,1.8,1.8,1.8,1.8,1.8,1.8,1.8,1.8,1.8,1.8,1.8,1.8,1.8,1.8,1.8,1.8,1.8,1.8,1.8,1.8,1.8,1.8,1.8,1.8,1.8,1.8,1.8,1.8,1.8,1.8,1.8,1.8,1.8,1.8,1.8,1.8,1.8,1.8,1.8,1.8,1.8,1.8,1.8,1.8,1.8,1.8,1.8,1.8,1.8,1.8,1.8,1.8,1.8,1.8,1.8,1.8,1.8,1.8,1.8,1.8,1.8,1.8,1.8,1.8,1.8,1.8,1.8,1.8,1.8,1.8,1.8,1.8,1.8,1.8,1.8,1.8,1.8
3377906287674510514,2017-07-15,1.8,1.8,1.8,1.8,1.8,1.8,1.8,1.8,1.8,1.8,1.8,1.8,1.8,1.8,1.8,1.8,1.8,1.8,1.8,1.8,1.8,1.8,1.8,1.8,1.8,1.8,1.8,1.8,1.8,1.8,1.8,1.8,1.8,1.8,1.8,1.8,1.8,1.8,1.8,1.8,1.8,1.8,1.8,1.8,1.8,1.8,1.8,1.8,1.8,1.8,1.8,1.8,1.8,1.8,1.8,1.8,1.8,1.8,1.8,1.8,1.8,1.8,1.8,1.8,1.8,1.8,1.8,1.8,1.8,1.8,1.8,1.8,1.8,1.8,1.8,1.8,1.8,1.8,1.8,1.8,1.8,1.8,1.8,1.8,1.8,1.8,1.8,1.8,1.8,1.8
3377906287674510514,2017-04-30,1.8,1.8,1.8,1.8,1.8,1.8,1.8,1.8,1.8,1.8,1.8,1.8,1.8,1.8,1.8,1.8,1.8,1.8,1.8,1.8,1.8,1.8,1.8,1.8,1.8,1.8,1.8,1.8,1.8,1.8,1.8,1.8,1.8,1.8,1.8,1.8,1.8,1.8,1.8,1.8,1.8,1.8,1.8,1.8,1.8,1.8,1.8,1.8,1.8,1.8,1.8,1.8,1.8,1.8,1.8,1.8,1.8,1.8,1.8,1.8,1.8,1.8,1.8,1.8,1.8,1.8,1.8,1.8,1.8,1.8,1.8,1.8,1.8,1.8,1.8,1.8,1.8,1.8,1.8,1.8,1.8,1.8,1.8,1.8,1.8,1.8,1.8,1.8,1.8,1.8
3377906287674510514,2017-07-16,1.8,1.8,1.8,1.8,1.8,1.8,1.8,1.8,1.8,1.8,1.8,1.8,1.8,1.8,1.8,1.8,1.8,1.8,1.8,1.8,1.8,1.8,1.8,1.8,1.8,1.8,1.8,1.8,1.8,1.8,1.8,1.8,1.8,1.8,1.8,1.8,1.8,1.8,1.8,1.8,1.8,1.8,1.8,1.8,1.8,1.8,1.8,1.8,1.8,1.8,1.8,1.8,1.8,1.8,1.8,1.8,1.8,1.8,1.8,1.8,1.8,1.8,1.8,1.8,1.8,1.8,1.8,1.8,1.8,1.8,1.8,1.8,1.8,1.8,1.8,1.8,1.8,1.8,1.8,1.8,1.8,1.8,1.8,1.8,1.8,1.8,1.8,1.8,1.8,1.8
3377906287674510514,2017-07-17,1.8,1.8,1.8,1.8,1.8,1.8,1.8,1.8,1.8,1.8,1.8,1.8,1.8,1.8,1.8,1.8,1.8,1.8,1.8,1.8,1.8,1.8,1.8,1.8,1.8,1.8,1.8,1.8,1.8,1.8,1.8,1.8,1.8,1.8,1.8,1.8,1.8,1.8,1.8,1.8,1.8,1.8,1.8,1.8,1.8,1.8,1.8,1.8,1.8,1.8,1.8,1.8,1.8,1.8,1.8,1.8,1.8,1.8,1.8,1.8,1.8,1.8,1.8,1.8,1.8,1.8,1.8,1.8,1.8,1.8,1.8,1.8,1.8,1.8,1.8,1.8,1.8,1.8,1.8,1.8,1.8,1.8,1.8,1.8,1.8,1.8,1.8,1.8,1.8,1.8
3377906287674510514,2017-06-07,1.8,1.8,1.8,1.8,1.8,1.8,1.8,1.8,1.8,1.8,1.8,1.8,1.8,1.8,1.8,1.8,1.8,1.8,1.8,1.8,1.8,1.8,1.8,1.8,1.8,1.8,1.8,1.8,1.8,1.8,1.8,1.8,1.8,1.8,1.8,1.8,1.8,1.8,1.8,1.8,1.8,1.8,1.8,1.8,1.8,1.8,1.8,1.8,1.8,1.8,1.8,1.8,1.8,1.8,1.8,1.8,1.8,1.8,1.8,1.8,1.8,1.8,1.8,1.8,1.8,1.8,1.8,1.8,1.8,1.8,1.8,1.8,1.8,1.8,1.8,1.8,1.8,1.8,1.8,1.8,1.8,1.8,1.8,1.8,1.8,1.8,1.8,1.8,1.8,1.8
3377906287674510514,2017-06-06,1.8,1.8,1.8,1.8,1.8,1.8,1.8,1.8,1.8,1.8,1.8,1.8,1.8,1.8,1.8,1.8,1.8,1.8,1.8,1.8,1.8,1.8,1.8,1.8,1.8,1.8,1.8,1.8,1.8,1.8,1.8,1.8,1.8,1.8,1.8,1.8,1.8,1.8,1.8,1.8,1.8,1.8,1.8,1.8,1.8,1.8,1.8,1.8,1.8,1.8,1.8,1.8,1.8,1.8,1.8,1.8,1.8,1.8,1.8,1.8,1.8,1.8,1.8,1.8,1.8,1.8,1.8,1.8,1.8,1.8,1.8,1.8,1.8,1.8,1.8,1.8,1.8,1.8,1.8,1.8,1.8,1.8,1.8,1.8,1.8,1.8,1.8,1.8,1.8,1.8
3377906287674510514,2017-06-09,1.8,1.8,1.8,1.8,1.8,1.8,1.8,1.8,1.8,1.8,1.8,1.8,1.8,1.8,1.8,1.8,1.8,1.8,1.8,1.8,1.8,1.8,1.8,1.8,1.8,1.8,1.8,1.8,1.8,1.8,1.8,1.8,1.8,1.8,1.8,1.8,1.8,1.8,1.8,1.8,1.8,1.8,1.8,1.8,1.8,1.8,1.8,1.8,1.8,1.8,1.8,1.8,1.8,1.8,1.8,1.8,1.8,1.8,1.8,1.8,1.8,1.8,1.8,1.8,1.8,1.8,1.8,1.8,1.8,1.8,1.8,1.8,1.8,1.8,1.8,1.8,1.8,1.8,1.8,1.8,1.8,1.8,1.8,1.8,1.8,1.8,1.8,1.8,1.8,1.8
3377906287674510514,2017-06-08,1.8,1.8,1.8,1.8,1.8,1.8,1.8,1.8,1.8,1.8,1.8,1.8,1.8,1.8,1.8,1.8,1.8,1.8,1.8,1.8,1.8,1.8,1.8,1.8,1.8,1.8,1.8,1.8,1.8,1.8,1.8,1.8,1.8,1.8,1.8,1.8,1.8,1.8,1.8,1.8,1.8,1.8,1.8,1.8,1.8,1.8,1.8,1.8,1.8,1.8,1.8,1.8,1.8,1.8,1.8,1.8,1.8,1.8,1.8,1.8,1.8,1.8,1.8,1.8,1.8,1.8,1.8,1.8,1.8,1.8,1.8,1.8,1.8,1.8,1.8,1.8,1.8,1.8,1.8,1.8,1.8,1.8,1.8,1.8,1.8,1.8,1.8,1.8,1.8,1.8
3377906287674510514,2016-07-29,1.8,1.8,1.8,1.8,1.8,1.8,1.8,1.8,1.8,1.8,1.8,1.8,1.8,1.8,1.8,1.8,1.8,1.8,1.8,1.8,1.8,1.8,1.8,1.8,1.8,1.8,1.8,1.8,1.8,1.8,1.8,1.8,1.8,1.8,1.8,1.8,1.8,1.8,1.8,1.8,1.8,1.8,1.8,1.8,1.8,1.8,1.8,1.8,1.8,1.8,1.8,1.8,1.8,1.8,1.8,1.8,1.8,1.8,1.8,1.8,1.8,1.8,1.8,1.8,1.8,1.8,1.8,1.8,1.8,1.8,1.8,1.8,1.8,1.8,1.8,1.8,1.8,1.8,1.8,1.8,1.8,1.8,1.8,1.8,1.8,1.8,1.8,1.8,1.8,1.8
3377906287674510514,2017-06-03,1.8,1.8,1.8,1.8,1.8,1.8,1.8,1.8,1.8,1.8,1.8,1.8,1.8,1.8,1.8,1.8,1.8,1.8,1.8,1.8,1.8,1.8,1.8,1.8,1.8,1.8,1.8,1.8,1.8,1.8,1.8,1.8,1.8,1.8,1.8,1.8,1.8,1.8,1.8,1.8,1.8,1.8,1.8,1.8,1.8,1.8,1.8,1.8,1.8,1.8,1.8,1.8,1.8,1.8,1.8,1.8,1.8,1.8,1.8,1.8,1.8,1.8,1.8,1.8,1.8,1.8,1.8,1.8,1.8,1.8,1.8,1.8,1.8,1.8,1.8,1.8,1.8,1.8,1.8,1.8,1.8,1.8,1.8,1.8,1.8,1.8,1.8,1.8,1.8,1.8
3377906287674510514,2016-07-28,1.8,1.8,1.8,1.8,1.8,1.8,1.8,1.8,1.8,1.8,1.8,1.8,1.8,1.8,1.8,1.8,1.8,1.8,1.8,1.8,1.8,1.8,1.8,1.8,1.8,1.8,1.8,1.8,1.8,1.8,1.8,1.8,1.8,1.8,1.8,1.8,1.8,1.8,1.8,1.8,1.8,1.8,1.8,1.8,1.8,1.8,1.8,1.8,1.8,1.8,1.8,1.8,1.8,1.8,1.8,1.8,1.8,1.8,1.8,1.8,1.8,1.8,1.8,1.8,1.8,1.8,1.8,1.8,1.8,1.8,1.8,1.8,1.8,1.8,1.8,1.8,1.8,1.8,1.8,1.8,1.8,1.8,1.8,1.8,1.8,1.8,1.8,1.8,1.8,1.8
3377906287674510514,2017-06-02,1.8,1.8,1.8,1.8,1.8,1.8,1.8,1.8,1.8,1.8,1.8,1.8,1.8,1.8,1.8,1.8,1.8,1.8,1.8,1.8,1.8,1.8,1.8,1.8,1.8,1.8,1.8,1.8,1.8,1.8,1.8,1.8,1.8,1.8,1.8,1.8,1.8,1.8,1.8,1.8,1.8,1.8,1.8,1.8,1.8,1.8,1.8,1.8,1.8,1.8,1.8,1.8,1.8,1.8,1.8,1.8,1.8,1.8,1.8,1.8,1.8,1.8,1.8,1.8,1.8,1.8,1.8,1.8,1.8,1.8,1.8,1.8,1.8,1.8,1.8,1.8,1.8,1.8,1.8,1.8,1.8,1.8,1.8,1.8,1.8,1.8,1.8,1.8,1.8,1.8
3377906287674510514,2017-06-05,1.8,1.8,1.8,1.8,1.8,1.8,1.8,1.8,1.8,1.8,1.8,1.8,1.8,1.8,1.8,1.8,1.8,1.8,1.8,1.8,1.8,1.8,1.8,1.8,1.8,1.8,1.8,1.8,1.8,1.8,1.8,1.8,1.8,1.8,1.8,1.8,1.8,1.8,1.8,1.8,1.8,1.8,1.8,1.8,1.8,1.8,1.8,1.8,1.8,1.8,1.8,1.8,1.8,1.8,1.8,1.8,1.8,1.8,1.8,1.8,1.8,1.8,1.8,1.8,1.8,1.8,1.8,1.8,1.8,1.8,1.8,1.8,1.8,1.8,1.8,1.8,1.8,1.8,1.8,1.8,1.8,1.8,1.8,1.8,1.8,1.8,1.8,1.8,1.8,1.8
3377906287674510514,2016-07-27,1.8,1.8,1.8,1.8,1.8,1.8,1.8,1.8,1.8,1.8,1.8,1.8,1.8,1.8,1.8,1.8,1.8,1.8,1.8,1.8,1.8,1.8,1.8,1.8,1.8,1.8,1.8,1.8,1.8,1.8,1.8,1.8,1.8,1.8,1.8,1.8,1.8,1.8,1.8,1.8,1.8,1.8,1.8,1.8,1.8,1.8,1.8,1.8,1.8,1.8,1.8,1.8,1.8,1.8,1.8,1.8,1.8,1.8,1.8,1.8,1.8,1.8,1.8,1.8,1.8,1.8,1.8,1.8,1.8,1.8,1.8,1.8,1.8,1.8,1.8,1.8,1.8,1.8,1.8,1.8,1.8,1.8,1.8,1.8,1.8,1.8,1.8,1.8,1.8,1.8
3377906287674510514,2017-04-19,1.8,1.8,1.8,1.8,1.8,1.8,1.8,1.8,1.8,1.8,1.8,1.8,1.8,1.8,1.8,1.8,1.8,1.8,1.8,1.8,1.8,1.8,1.8,1.8,1.8,1.8,1.8,1.8,1.8,1.8,1.8,1.8,1.8,1.8,1.8,1.8,1.8,1.8,1.8,1.8,1.8,1.8,1.8,1.8,1.8,1.8,1.8,1.8,1.8,1.8,1.8,1.8,1.8,1.8,1.8,1.8,1.8,1.8,1.8,1.8,1.8,1.8,1.8,1.8,1.8,1.8,1.8,1.8,1.8,1.8,1.8,1.8,1.8,1.8,1.8,1.8,1.8,1.8,1.8,1.8,1.8,1.8,1.8,1.8,1.8,1.8,1.8,1.8,1.8,1.8
3377906287674510514,2016-07-26,1.8,1.8,1.8,1.8,1.8,1.8,1.8,1.8,1.8,1.8,1.8,1.8,1.8,1.8,1.8,1.8,1.8,1.8,1.8,1.8,1.8,1.8,1.8,1.8,1.8,1.8,1.8,1.8,1.8,1.8,1.8,1.8,1.8,1.8,1.8,1.8,1.8,1.8,1.8,1.8,1.8,1.8,1.8,1.8,1.8,1.8,1.8,1.8,1.8,1.8,1.8,1.8,1.8,1.8,1.8,1.8,1.8,1.8,1.8,1.8,1.8,1.8,1.8,1.8,1.8,1.8,1.8,1.8,1.8,1.8,1.8,1.8,1.8,1.8,1.8,1.8,1.8,1.8,1.8,1.8,1.8,1.8,1.8,1.8,1.8,1.8,1.8,1.8,1.8,1.8
3377906287674510514,2017-06-04,1.8,1.8,1.8,1.8,1.8,1.8,1.8,1.8,1.8,1.8,1.8,1.8,1.8,1.8,1.8,1.8,1.8,1.8,1.8,1.8,1.8,1.8,1.8,1.8,1.8,1.8,1.8,1.8,1.8,1.8,1.8,1.8,1.8,1.8,1.8,1.8,1.8,1.8,1.8,1.8,1.8,1.8,1.8,1.8,1.8,1.8,1.8,1.8,1.8,1.8,1.8,1.8,1.8,1.8,1.8,1.8,1.8,1.8,1.8,1.8,1.8,1.8,1.8,1.8,1.8,1.8,1.8,1.8,1.8,1.8,1.8,1.8,1.8,1.8,1.8,1.8,1.8,1.8,1.8,1.8,1.8,1.8,1.8,1.8,1.8,1.8,1.8,1.8,1.8,1.8
3377906287674510514,2017-04-17,1.8,1.8,1.8,1.8,1.8,1.8,1.8,1.8,1.8,1.8,1.8,1.8,1.8,1.8,1.8,1.8,1.8,1.8,1.8,1.8,1.8,1.8,1.8,1.8,1.8,1.8,1.8,1.8,1.8,1.8,1.8,1.8,1.8,1.8,1.8,1.8,1.8,1.8,1.8,1.8,1.8,1.8,1.8,1.8,1.8,1.8,1.8,1.8,1.8,1.8,1.8,1.8,1.8,1.8,1.8,1.8,1.8,1.8,1.8,1.8,1.8,1.8,1.8,1.8,1.8,1.8,1.8,1.8,1.8,1.8,1.8,1.8,1.8,1.8,1.8,1.8,1.8,1.8,1.8,1.8,1.8,1.8,1.8,1.8,1.8,1.8,1.8,1.8,1.8,1.8
3377906287674510514,2017-05-14,1.8,1.8,1.8,1.8,1.8,1.8,1.8,1.8,1.8,1.8,1.8,1.8,1.8,1.8,1.8,1.8,1.8,1.8,1.8,1.8,1.8,1.8,1.8,1.8,1.8,1.8,1.8,1.8,1.8,1.8,1.8,1.8,1.8,1.8,1.8,1.8,1.8,1.8,1.8,1.8,1.8,1.8,1.8,1.8,1.8,1.8,1.8,1.8,1.8,1.8,1.8,1.8,1.8,1.8,1.8,1.8,1.8,1.8,1.8,1.8,1.8,1.8,1.8,1.8,1.8,1.8,1.8,1.8,1.8,1.8,1.8,1.8,1.8,1.8,1.8,1.8,1.8,1.8,1.8,1.8,1.8,1.8,1.8,1.8,1.8,1.8,1.8,1.8,1.8,1.8
3377906287674510514,2017-04-18,1.8,1.8,1.8,1.8,1.8,1.8,1.8,1.8,1.8,1.8,1.8,1.8,1.8,1.8,1.8,1.8,1.8,1.8,1.8,1.8,1.8,1.8,1.8,1.8,1.8,1.8,1.8,1.8,1.8,1.8,1.8,1.8,1.8,1.8,1.8,1.8,1.8,1.8,1.8,1.8,1.8,1.8,1.8,1.8,1.8,1.8,1.8,1.8,1.8,1.8,1.8,1.8,1.8,1.8,1.8,1.8,1.8,1.8,1.8,1.8,1.8,1.8,1.8,1.8,1.8,1.8,1.8,1.8,1.8,1.8,1.8,1.8,1.8,1.8,1.8,1.8,1.8,1.8,1.8,1.8,1.8,1.8,1.8,1.8,1.8,1.8,1.8,1.8,1.8,1.8
3377906287674510514,2017-05-15,1.8,1.8,1.8,1.8,1.8,1.8,1.8,1.8,1.8,1.8,1.8,1.8,1.8,1.8,1.8,1.8,1.8,1.8,1.8,1.8,1.8,1.8,1.8,1.8,1.8,1.8,1.8,1.8,1.8,1.8,1.8,1.8,1.8,1.8,1.8,1.8,1.8,1.8,1.8,1.8,1.8,1.8,1.8,1.8,1.8,1.8,1.8,1.8,1.8,1.8,1.8,1.8,1.8,1.8,1.8,1.8,1.8,1.8,1.8,1.8,1.8,1.8,1.8,1.8,1.8,1.8,1.8,1.8,1.8,1.8,1.8,1.8,1.8,1.8,1.8,1.8,1.8,1.8,1.8,1.8,1.8,1.8,1.8,1.8,1.8,1.8,1.8,1.8,1.8,1.8
3377906287674510514,2017-04-15,1.8,1.8,1.8,1.8,1.8,1.8,1.8,1.8,1.8,1.8,1.8,1.8,1.8,1.8,1.8,1.8,1.8,1.8,1.8,1.8,1.8,1.8,1.8,1.8,1.8,1.8,1.8,1.8,1.8,1.8,1.8,1.8,1.8,1.8,1.8,1.8,1.8,1.8,1.8,1.8,1.8,1.8,1.8,1.8,1.8,1.8,1.8,1.8,1.8,1.8,1.8,1.8,1.8,1.8,1.8,1.8,1.8,1.8,1.8,1.8,1.8,1.8,1.8,1.8,1.8,1.8,1.8,1.8,1.8,1.8,1.8,1.8,1.8,1.8,1.8,1.8,1.8,1.8,1.8,1.8,1.8,1.8,1.8,1.8,1.8,1.8,1.8,1.8,1.8,1.8
3377906287674510514,2017-05-12,1.8,1.8,1.8,1.8,1.8,1.8,1.8,1.8,1.8,1.8,1.8,1.8,1.8,1.8,1.8,1.8,1.8,1.8,1.8,1.8,1.8,1.8,1.8,1.8,1.8,1.8,1.8,1.8,1.8,1.8,1.8,1.8,1.8,1.8,1.8,1.8,1.8,1.8,1.8,1.8,1.8,1.8,1.8,1.8,1.8,1.8,1.8,1.8,1.8,1.8,1.8,1.8,1.8,1.8,1.8,1.8,1.8,1.8,1.8,1.8,1.8,1.8,1.8,1.8,1.8,1.8,1.8,1.8,1.8,1.8,1.8,1.8,1.8,1.8,1.8,1.8,1.8,1.8,1.8,1.8,1.8,1.8,1.8,1.8,1.8,1.8,1.8,1.8,1.8,1.8
3377906287674510514,2017-04-16,1.8,1.8,1.8,1.8,1.8,1.8,1.8,1.8,1.8,1.8,1.8,1.8,1.8,1.8,1.8,1.8,1.8,1.8,1.8,1.8,1.8,1.8,1.8,1.8,1.8,1.8,1.8,1.8,1.8,1.8,1.8,1.8,1.8,1.8,1.8,1.8,1.8,1.8,1.8,1.8,1.8,1.8,1.8,1.8,1.8,1.8,1.8,1.8,1.8,1.8,1.8,1.8,1.8,1.8,1.8,1.8,1.8,1.8,1.8,1.8,1.8,1.8,1.8,1.8,1.8,1.8,1.8,1.8,1.8,1.8,1.8,1.8,1.8,1.8,1.8,1.8,1.8,1.8,1.8,1.8,1.8,1.8,1.8,1.8,1.8,1.8,1.8,1.8,1.8,1.8
3377906287674510514,2017-05-13,1.8,1.8,1.8,1.8,1.8,1.8,1.8,1.8,1.8,1.8,1.8,1.8,1.8,1.8,1.8,1.8,1.8,1.8,1.8,1.8,1.8,1.8,1.8,1.8,1.8,1.8,1.8,1.8,1.8,1.8,1.8,1.8,1.8,1.8,1.8,1.8,1.8,1.8,1.8,1.8,1.8,1.8,1.8,1.8,1.8,1.8,1.8,1.8,1.8,1.8,1.8,1.8,1.8,1.8,1.8,1.8,1.8,1.8,1.8,1.8,1.8,1.8,1.8,1.8,1.8,1.8,1.8,1.8,1.8,1.8,1.8,1.8,1.8,1.8,1.8,1.8,1.8,1.8,1.8,1.8,1.8,1.8,1.8,1.8,1.8,1.8,1.8,1.8,1.8,1.8
3377906287674510514,2017-07-12,1.8,1.8,1.8,1.8,1.8,1.8,1.8,1.8,1.8,1.8,1.8,1.8,1.8,1.8,1.8,1.8,1.8,1.8,1.8,1.8,1.8,1.8,1.8,1.8,1.8,1.8,1.8,1.8,1.8,1.8,1.8,1.8,1.8,1.8,1.8,1.8,1.8,1.8,1.8,1.8,1.8,1.8,1.8,1.8,1.8,1.8,1.8,1.8,1.8,1.8,1.8,1.8,1.8,1.8,1.8,1.8,1.8,1.8,1.8,1.8,1.8,1.8,1.8,1.8,1.8,1.8,1.8,1.8,1.8,1.8,1.8,1.8,1.8,1.8,1.8,1.8,1.8,1.8,1.8,1.8,1.8,1.8,1.8,1.8,1.8,1.8,1.8,1.8,1.8,1.8
3377906287674510514,2017-04-13,1.8,1.8,1.8,1.8,1.8,1.8,1.8,1.8,1.8,1.8,1.8,1.8,1.8,1.8,1.8,1.8,1.8,1.8,1.8,1.8,1.8,1.8,1.8,1.8,1.8,1.8,1.8,1.8,1.8,1.8,1.8,1.8,1.8,1.8,1.8,1.8,1.8,1.8,1.8,1.8,1.8,1.8,1.8,1.8,1.8,1.8,1.8,1.8,1.8,1.8,1.8,1.8,1.8,1.8,1.8,1.8,1.8,1.8,1.8,1.8,1.8,1.8,1.8,1.8,1.8,1.8,1.8,1.8,1.8,1.8,1.8,1.8,1.8,1.8,1.8,1.8,1.8,1.8,1.8,1.8,1.8,1.8,1.8,1.8,1.8,1.8,1.8,1.8,1.8,1.8
3377906287674510514,2017-05-18,1.8,1.8,1.8,1.8,1.8,1.8,1.8,1.8,1.8,1.8,1.8,1.8,1.8,1.8,1.8,1.8,1.8,1.8,1.8,1.8,1.8,1.8,1.8,1.8,1.8,1.8,1.8,1.8,1.8,1.8,1.8,1.8,1.8,1.8,1.8,1.8,1.8,1.8,1.8,1.8,1.8,1.8,1.8,1.8,1.8,1.8,1.8,1.8,1.8,1.8,1.8,1.8,1.8,1.8,1.8,1.8,1.8,1.8,1.8,1.8,1.8,1.8,1.8,1.8,1.8,1.8,1.8,1.8,1.8,1.8,1.8,1.8,1.8,1.8,1.8,1.8,1.8,1.8,1.8,1.8,1.8,1.8,1.8,1.8,1.8,1.8,1.8,1.8,1.8,1.8
3377906287674510514,2017-07-13,1.8,1.8,1.8,1.8,1.8,1.8,1.8,1.8,1.8,1.8,1.8,1.8,1.8,1.8,1.8,1.8,1.8,1.8,1.8,1.8,1.8,1.8,1.8,1.8,1.8,1.8,1.8,1.8,1.8,1.8,1.8,1.8,1.8,1.8,1.8,1.8,1.8,1.8,1.8,1.8,1.8,1.8,1.8,1.8,1.8,1.8,1.8,1.8,1.8,1.8,1.8,1.8,1.8,1.8,1.8,1.8,1.8,1.8,1.8,1.8,1.8,1.8,1.8,1.8,1.8,1.8,1.8,1.8,1.8,1.8,1.8,1.8,1.8,1.8,1.8,1.8,1.8,1.8,1.8,1.8,1.8,1.8,1.8,1.8,1.8,1.8,1.8,1.8,1.8,1.8
3377906287674510514,2017-04-14,1.8,1.8,1.8,1.8,1.8,1.8,1.8,1.8,1.8,1.8,1.8,1.8,1.8,1.8,1.8,1.8,1.8,1.8,1.8,1.8,1.8,1.8,1.8,1.8,1.8,1.8,1.8,1.8,1.8,1.8,1.8,1.8,1.8,1.8,1.8,1.8,1.8,1.8,1.8,1.8,1.8,1.8,1.8,1.8,1.8,1.8,1.8,1.8,1.8,1.8,1.8,1.8,1.8,1.8,1.8,1.8,1.8,1.8,1.8,1.8,1.8,1.8,1.8,1.8,1.8,1.8,1.8,1.8,1.8,1.8,1.8,1.8,1.8,1.8,1.8,1.8,1.8,1.8,1.8,1.8,1.8,1.8,1.8,1.8,1.8,1.8,1.8,1.8,1.8,1.8
3377906287674510514,2017-05-19,1.8,1.8,1.8,1.8,1.8,1.8,1.8,1.8,1.8,1.8,1.8,1.8,1.8,1.8,1.8,1.8,1.8,1.8,1.8,1.8,1.8,1.8,1.8,1.8,1.8,1.8,1.8,1.8,1.8,1.8,1.8,1.8,1.8,1.8,1.8,1.8,1.8,1.8,1.8,1.8,1.8,1.8,1.8,1.8,1.8,1.8,1.8,1.8,1.8,1.8,1.8,1.8,1.8,1.8,1.8,1.8,1.8,1.8,1.8,1.8,1.8,1.8,1.8,1.8,1.8,1.8,1.8,1.8,1.8,1.8,1.8,1.8,1.8,1.8,1.8,1.8,1.8,1.8,1.8,1.8,1.8,1.8,1.8,1.8,1.8,1.8,1.8,1.8,1.8,1.8
3377906287674510514,2017-07-10,1.8,1.8,1.8,1.8,1.8,1.8,1.8,1.8,1.8,1.8,1.8,1.8,1.8,1.8,1.8,1.8,1.8,1.8,1.8,1.8,1.8,1.8,1.8,1.8,1.8,1.8,1.8,1.8,1.8,1.8,1.8,1.8,1.8,1.8,1.8,1.8,1.8,1.8,1.8,1.8,1.8,1.8,1.8,1.8,1.8,1.8,1.8,1.8,1.8,1.8,1.8,1.8,1.8,1.8,1.8,1.8,1.8,1.8,1.8,1.8,1.8,1.8,1.8,1.8,1.8,1.8,1.8,1.8,1.8,1.8,1.8,1.8,1.8,1.8,1.8,1.8,1.8,1.8,1.8,1.8,1.8,1.8,1.8,1.8,1.8,1.8,1.8,1.8,1.8,1.8
3377906287674510514,2017-04-11,1.8,1.8,1.8,1.8,1.8,1.8,1.8,1.8,1.8,1.8,1.8,1.8,1.8,1.8,1.8,1.8,1.8,1.8,1.8,1.8,1.8,1.8,1.8,1.8,1.8,1.8,1.8,1.8,1.8,1.8,1.8,1.8,1.8,1.8,1.8,1.8,1.8,1.8,1.8,1.8,1.8,1.8,1.8,1.8,1.8,1.8,1.8,1.8,1.8,1.8,1.8,1.8,1.8,1.8,1.8,1.8,1.8,1.8,1.8,1.8,1.8,1.8,1.8,1.8,1.8,1.8,1.8,1.8,1.8,1.8,1.8,1.8,1.8,1.8,1.8,1.8,1.8,1.8,1.8,1.8,1.8,1.8,1.8,1.8,1.8,1.8,1.8,1.8,1.8,1.8
3377906287674510514,2017-05-16,1.8,1.8,1.8,1.8,1.8,1.8,1.8,1.8,1.8,1.8,1.8,1.8,1.8,1.8,1.8,1.8,1.8,1.8,1.8,1.8,1.8,1.8,1.8,1.8,1.8,1.8,1.8,1.8,1.8,1.8,1.8,1.8,1.8,1.8,1.8,1.8,1.8,1.8,1.8,1.8,1.8,1.8,1.8,1.8,1.8,1.8,1.8,1.8,1.8,1.8,1.8,1.8,1.8,1.8,1.8,1.8,1.8,1.8,1.8,1.8,1.8,1.8,1.8,1.8,1.8,1.8,1.8,1.8,1.8,1.8,1.8,1.8,1.8,1.8,1.8,1.8,1.8,1.8,1.8,1.8,1.8,1.8,1.8,1.8,1.8,1.8,1.8,1.8,1.8,1.8
3377906287674510514,2017-07-11,1.8,1.8,1.8,1.8,1.8,1.8,1.8,1.8,1.8,1.8,1.8,1.8,1.8,1.8,1.8,1.8,1.8,1.8,1.8,1.8,1.8,1.8,1.8,1.8,1.8,1.8,1.8,1.8,1.8,1.8,1.8,1.8,1.8,1.8,1.8,1.8,1.8,1.8,1.8,1.8,1.8,1.8,1.8,1.8,1.8,1.8,1.8,1.8,1.8,1.8,1.8,1.8,1.8,1.8,1.8,1.8,1.8,1.8,1.8,1.8,1.8,1.8,1.8,1.8,1.8,1.8,1.8,1.8,1.8,1.8,1.8,1.8,1.8,1.8,1.8,1.8,1.8,1.8,1.8,1.8,1.8,1.8,1.8,1.8,1.8,1.8,1.8,1.8,1.8,1.8
3377906287674510514,2017-04-12,1.8,1.8,1.8,1.8,1.8,1.8,1.8,1.8,1.8,1.8,1.8,1.8,1.8,1.8,1.8,1.8,1.8,1.8,1.8,1.8,1.8,1.8,1.8,1.8,1.8,1.8,1.8,1.8,1.8,1.8,1.8,1.8,1.8,1.8,1.8,1.8,1.8,1.8,1.8,1.8,1.8,1.8,1.8,1.8,1.8,1.8,1.8,1.8,1.8,1.8,1.8,1.8,1.8,1.8,1.8,1.8,1.8,1.8,1.8,1.8,1.8,1.8,1.8,1.8,1.8,1.8,1.8,1.8,1.8,1.8,1.8,1.8,1.8,1.8,1.8,1.8,1.8,1.8,1.8,1.8,1.8,1.8,1.8,1.8,1.8,1.8,1.8,1.8,1.8,1.8
3377906287674510514,2017-05-17,1.8,1.8,1.8,1.8,1.8,1.8,1.8,1.8,1.8,1.8,1.8,1.8,1.8,1.8,1.8,1.8,1.8,1.8,1.8,1.8,1.8,1.8,1.8,1.8,1.8,1.8,1.8,1.8,1.8,1.8,1.8,1.8,1.8,1.8,1.8,1.8,1.8,1.8,1.8,1.8,1.8,1.8,1.8,1.8,1.8,1.8,1.8,1.8,1.8,1.8,1.8,1.8,1.8,1.8,1.8,1.8,1.8,1.8,1.8,1.8,1.8,1.8,1.8,1.8,1.8,1.8,1.8,1.8,1.8,1.8,1.8,1.8,1.8,1.8,1.8,1.8,1.8,1.8,1.8,1.8,1.8,1.8,1.8,1.8,1.8,1.8,1.8,1.8,1.8,1.8
3377906287674510514,2017-07-06,1.8,1.8,1.8,1.8,1.8,1.8,1.8,1.8,1.8,1.8,1.8,1.8,1.8,1.8,1.8,1.8,1.8,1.8,1.8,1.8,1.8,1.8,1.8,1.8,1.8,1.8,1.8,1.8,1.8,1.8,1.8,1.8,1.8,1.8,1.8,1.8,1.8,1.8,1.8,1.8,1.8,1.8,1.8,1.8,1.8,1.8,1.8,1.8,1.8,1.8,1.8,1.8,1.8,1.8,1.8,1.8,1.8,1.8,1.8,1.8,1.8,1.8,1.8,1.8,1.8,1.8,1.8,1.8,1.8,1.8,1.8,1.8,1.8,1.8,1.8,1.8,1.8,1.8,1.8,1.8,1.8,1.8,1.8,1.8,1.8,1.8,1.8,1.8,1.8,1.8
3377906287674510514,2017-04-21,1.8,1.8,1.8,1.8,1.8,1.8,1.8,1.8,1.8,1.8,1.8,1.8,1.8,1.8,1.8,1.8,1.8,1.8,1.8,1.8,1.8,1.8,1.8,1.8,1.8,1.8,1.8,1.8,1.8,1.8,1.8,1.8,1.8,1.8,1.8,1.8,1.8,1.8,1.8,1.8,1.8,1.8,1.8,1.8,1.8,1.8,1.8,1.8,1.8,1.8,1.8,1.8,1.8,1.8,1.8,1.8,1.8,1.8,1.8,1.8,1.8,1.8,1.8,1.8,1.8,1.8,1.8,1.8,1.8,1.8,1.8,1.8,1.8,1.8,1.8,1.8,1.8,1.8,1.8,1.8,1.8,1.8,1.8,1.8,1.8,1.8,1.8,1.8,1.8,1.8
3377906287674510514,2017-07-05,1.8,1.8,1.8,1.8,1.8,1.8,1.8,1.8,1.8,1.8,1.8,1.8,1.8,1.8,1.8,1.8,1.8,1.8,1.8,1.8,1.8,1.8,1.8,1.8,1.8,1.8,1.8,1.8,1.8,1.8,1.8,1.8,1.8,1.8,1.8,1.8,1.8,1.8,1.8,1.8,1.8,1.8,1.8,1.8,1.8,1.8,1.8,1.8,1.8,1.8,1.8,1.8,1.8,1.8,1.8,1.8,1.8,1.8,1.8,1.8,1.8,1.8,1.8,1.8,1.8,1.8,1.8,1.8,1.8,1.8,1.8,1.8,1.8,1.8,1.8,1.8,1.8,1.8,1.8,1.8,1.8,1.8,1.8,1.8,1.8,1.8,1.8,1.8,1.8,1.8
3377906287674510514,2017-04-20,1.8,1.8,1.8,1.8,1.8,1.8,1.8,1.8,1.8,1.8,1.8,1.8,1.8,1.8,1.8,1.8,1.8,1.8,1.8,1.8,1.8,1.8,1.8,1.8,1.8,1.8,1.8,1.8,1.8,1.8,1.8,1.8,1.8,1.8,1.8,1.8,1.8,1.8,1.8,1.8,1.8,1.8,1.8,1.8,1.8,1.8,1.8,1.8,1.8,1.8,1.8,1.8,1.8,1.8,1.8,1.8,1.8,1.8,1.8,1.8,1.8,1.8,1.8,1.8,1.8,1.8,1.8,1.8,1.8,1.8,1.8,1.8,1.8,1.8,1.8,1.8,1.8,1.8,1.8,1.8,1.8,1.8,1.8,1.8,1.8,1.8,1.8,1.8,1.8,1.8
3377906287674510514,2017-07-04,1.8,1.8,1.8,1.8,1.8,1.8,1.8,1.8,1.8,1.8,1.8,1.8,1.8,1.8,1.8,1.8,1.8,1.8,1.8,1.8,1.8,1.8,1.8,1.8,1.8,1.8,1.8,1.8,1.8,1.8,1.8,1.8,1.8,1.8,1.8,1.8,1.8,1.8,1.8,1.8,1.8,1.8,1.8,1.8,1.8,1.8,1.8,1.8,1.8,1.8,1.8,1.8,1.8,1.8,1.8,1.8,1.8,1.8,1.8,1.8,1.8,1.8,1.8,1.8,1.8,1.8,1.8,1.8,1.8,1.8,1.8,1.8,1.8,1.8,1.8,1.8,1.8,1.8,1.8,1.8,1.8,1.8,1.8,1.8,1.8,1.8,1.8,1.8,1.8,1.8
3377906287674510514,2017-07-03,1.8,1.8,1.8,1.8,1.8,1.8,1.8,1.8,1.8,1.8,1.8,1.8,1.8,1.8,1.8,1.8,1.8,1.8,1.8,1.8,1.8,1.8,1.8,1.8,1.8,1.8,1.8,1.8,1.8,1.8,1.8,1.8,1.8,1.8,1.8,1.8,1.8,1.8,1.8,1.8,1.8,1.8,1.8,1.8,1.8,1.8,1.8,1.8,1.8,1.8,1.8,1.8,1.8,1.8,1.8,1.8,1.8,1.8,1.8,1.8,1.8,1.8,1.8,1.8,1.8,1.8,1.8,1.8,1.8,1.8,1.8,1.8,1.8,1.8,1.8,1.8,1.8,1.8,1.8,1.8,1.8,1.8,1.8,1.8,1.8,1.8,1.8,1.8,1.8,1.8
3377906287674510514,2017-05-22,1.8,1.8,1.8,1.8,1.8,1.8,1.8,1.8,1.8,1.8,1.8,1.8,1.8,1.8,1.8,1.8,1.8,1.8,1.8,1.8,1.8,1.8,1.8,1.8,1.8,1.8,1.8,1.8,1.8,1.8,1.8,1.8,1.8,1.8,1.8,1.8,1.8,1.8,1.8,1.8,1.8,1.8,1.8,1.8,1.8,1.8,1.8,1.8,1.8,1.8,1.8,1.8,1.8,1.8,1.8,1.8,1.8,1.8,1.8,1.8,1.8,1.8,1.8,1.8,1.8,1.8,1.8,1.8,1.8,1.8,1.8,1.8,1.8,1.8,1.8,1.8,1.8,1.8,1.8,1.8,1.8,1.8,1.8,1.8,1.8,1.8,1.8,1.8,1.8,1.8
3377906287674510514,2017-07-09,1.8,1.8,1.8,1.8,1.8,1.8,1.8,1.8,1.8,1.8,1.8,1.8,1.8,1.8,1.8,1.8,1.8,1.8,1.8,1.8,1.8,1.8,1.8,1.8,1.8,1.8,1.8,1.8,1.8,1.8,1.8,1.8,1.8,1.8,1.8,1.8,1.8,1.8,1.8,1.8,1.8,1.8,1.8,1.8,1.8,1.8,1.8,1.8,1.8,1.8,1.8,1.8,1.8,1.8,1.8,1.8,1.8,1.8,1.8,1.8,1.8,1.8,1.8,1.8,1.8,1.8,1.8,1.8,1.8,1.8,1.8,1.8,1.8,1.8,1.8,1.8,1.8,1.8,1.8,1.8,1.8,1.8,1.8,1.8,1.8,1.8,1.8,1.8,1.8,1.8
3377906287674510514,2017-05-21,1.8,1.8,1.8,1.8,1.8,1.8,1.8,1.8,1.8,1.8,1.8,1.8,1.8,1.8,1.8,1.8,1.8,1.8,1.8,1.8,1.8,1.8,1.8,1.8,1.8,1.8,1.8,1.8,1.8,1.8,1.8,1.8,1.8,1.8,1.8,1.8,1.8,1.8,1.8,1.8,1.8,1.8,1.8,1.8,1.8,1.8,1.8,1.8,1.8,1.8,1.8,1.8,1.8,1.8,1.8,1.8,1.8,1.8,1.8,1.8,1.8,1.8,1.8,1.8,1.8,1.8,1.8,1.8,1.8,1.8,1.8,1.8,1.8,1.8,1.8,1.8,1.8,1.8,1.8,1.8,1.8,1.8,1.8,1.8,1.8,1.8,1.8,1.8,1.8,1.8
3377906287674510514,2017-07-08,1.8,1.8,1.8,1.8,1.8,1.8,1.8,1.8,1.8,1.8,1.8,1.8,1.8,1.8,1.8,1.8,1.8,1.8,1.8,1.8,1.8,1.8,1.8,1.8,1.8,1.8,1.8,1.8,1.8,1.8,1.8,1.8,1.8,1.8,1.8,1.8,1.8,1.8,1.8,1.8,1.8,1.8,1.8,1.8,1.8,1.8,1.8,1.8,1.8,1.8,1.8,1.8,1.8,1.8,1.8,1.8,1.8,1.8,1.8,1.8,1.8,1.8,1.8,1.8,1.8,1.8,1.8,1.8,1.8,1.8,1.8,1.8,1.8,1.8,1.8,1.8,1.8,1.8,1.8,1.8,1.8,1.8,1.8,1.8,1.8,1.8,1.8,1.8,1.8,1.8
3377906287674510514,2017-05-20,1.8,1.8,1.8,1.8,1.8,1.8,1.8,1.8,1.8,1.8,1.8,1.8,1.8,1.8,1.8,1.8,1.8,1.8,1.8,1.8,1.8,1.8,1.8,1.8,1.8,1.8,1.8,1.8,1.8,1.8,1.8,1.8,1.8,1.8,1.8,1.8,1.8,1.8,1.8,1.8,1.8,1.8,1.8,1.8,1.8,1.8,1.8,1.8,1.8,1.8,1.8,1.8,1.8,1.8,1.8,1.8,1.8,1.8,1.8,1.8,1.8,1.8,1.8,1.8,1.8,1.8,1.8,1.8,1.8,1.8,1.8,1.8,1.8,1.8,1.8,1.8,1.8,1.8,1.8,1.8,1.8,1.8,1.8,1.8,1.8,1.8,1.8,1.8,1.8,1.8
3377906287674510514,2017-07-07,1.8,1.8,1.8,1.8,1.8,1.8,1.8,1.8,1.8,1.8,1.8,1.8,1.8,1.8,1.8,1.8,1.8,1.8,1.8,1.8,1.8,1.8,1.8,1.8,1.8,1.8,1.8,1.8,1.8,1.8,1.8,1.8,1.8,1.8,1.8,1.8,1.8,1.8,1.8,1.8,1.8,1.8,1.8,1.8,1.8,1.8,1.8,1.8,1.8,1.8,1.8,1.8,1.8,1.8,1.8,1.8,1.8,1.8,1.8,1.8,1.8,1.8,1.8,1.8,1.8,1.8,1.8,1.8,1.8,1.8,1.8,1.8,1.8,1.8,1.8,1.8,1.8,1.8,1.8,1.8,1.8,1.8,1.8,1.8,1.8,1.8,1.8,1.8,1.8,1.8
3377906287674510514,2017-06-10,1.8,1.8,1.8,1.8,1.8,1.8,1.8,1.8,1.8,1.8,1.8,1.8,1.8,1.8,1.8,1.8,1.8,1.8,1.8,1.8,1.8,1.8,1.8,1.8,1.8,1.8,1.8,1.8,1.8,1.8,1.8,1.8,1.8,1.8,1.8,1.8,1.8,1.8,1.8,1.8,1.8,1.8,1.8,1.8,1.8,1.8,1.8,1.8,1.8,1.8,1.8,1.8,1.8,1.8,1.8,1.8,1.8,1.8,1.8,1.8,1.8,1.8,1.8,1.8,1.8,1.8,1.8,1.8,1.8,1.8,1.8,1.8,1.8,1.8,1.8,1.8,1.8,1.8,1.8,1.8,1.8,1.8,1.8,1.8,1.8,1.8,1.8,1.8,1.8,1.8
3377906287674510514,2017-06-11,1.8,1.8,1.8,1.8,1.8,1.8,1.8,1.8,1.8,1.8,1.8,1.8,1.8,1.8,1.8,1.8,1.8,1.8,1.8,1.8,1.8,1.8,1.8,1.8,1.8,1.8,1.8,1.8,1.8,1.8,1.8,1.8,1.8,1.8,1.8,1.8,1.8,1.8,1.8,1.8,1.8,1.8,1.8,1.8,1.8,1.8,1.8,1.8,1.8,1.8,1.8,1.8,1.8,1.8,1.8,1.8,1.8,1.8,1.8,1.8,1.8,1.8,1.8,1.8,1.8,1.8,1.8,1.8,1.8,1.8,1.8,1.8,1.8,1.8,1.8,1.8,1.8,1.8,1.8,1.8,1.8,1.8,1.8,1.8,1.8,1.8,1.8,1.8,1.8,1.8
3377906287674510514,2017-06-12,1.8,1.8,1.8,1.8,1.8,1.8,1.8,1.8,1.8,1.8,1.8,1.8,1.8,1.8,1.8,1.8,1.8,1.8,1.8,1.8,1.8,1.8,1.8,1.8,1.8,1.8,1.8,1.8,1.8,1.8,1.8,1.8,1.8,1.8,1.8,1.8,1.8,1.8,1.8,1.8,1.8,1.8,1.8,1.8,1.8,1.8,1.8,1.8,1.8,1.8,1.8,1.8,1.8,1.8,1.8,1.8,1.8,1.8,1.8,1.8,1.8,1.8,1.8,1.8,1.8,1.8,1.8,1.8,1.8,1.8,1.8,1.8,1.8,1.8,1.8,1.8,1.8,1.8,1.8,1.8,1.8,1.8,1.8,1.8,1.8,1.8,1.8,1.8,1.8,1.8
3377906287674510514,2016-07-31,1.8,1.8,1.8,1.8,1.8,1.8,1.8,1.8,1.8,1.8,1.8,1.8,1.8,1.8,1.8,1.8,1.8,1.8,1.8,1.8,1.8,1.8,1.8,1.8,1.8,1.8,1.8,1.8,1.8,1.8,1.8,1.8,1.8,1.8,1.8,1.8,1.8,1.8,1.8,1.8,1.8,1.8,1.8,1.8,1.8,1.8,1.8,1.8,1.8,1.8,1.8,1.8,1.8,1.8,1.8,1.8,1.8,1.8,1.8,1.8,1.8,1.8,1.8,1.8,1.8,1.8,1.8,1.8,1.8,1.8,1.8,1.8,1.8,1.8,1.8,1.8,1.8,1.8,1.8,1.8,1.8,1.8,1.8,1.8,1.8,1.8,1.8,1.8,1.8,1.8
3377906287674510514,2016-07-30,1.8,1.8,1.8,1.8,1.8,1.8,1.8,1.8,1.8,1.8,1.8,1.8,1.8,1.8,1.8,1.8,1.8,1.8,1.8,1.8,1.8,1.8,1.8,1.8,1.8,1.8,1.8,1.8,1.8,1.8,1.8,1.8,1.8,1.8,1.8,1.8,1.8,1.8,1.8,1.8,1.8,1.8,1.8,1.8,1.8,1.8,1.8,1.8,1.8,1.8,1.8,1.8,1.8,1.8,1.8,1.8,1.8,1.8,1.8,1.8,1.8,1.8,1.8,1.8,1.8,1.8,1.8,1.8,1.8,1.8,1.8,1.8,1.8,1.8,1.8,1.8,1.8,1.8,1.8,1.8,1.8,1.8,1.8,1.8,1.8,1.8,1.8,1.8,1.8,1.8
3377906287674510514,2017-06-19,1.8,1.8,1.8,1.8,1.8,1.8,1.8,1.8,1.8,1.8,1.8,1.8,1.8,1.8,1.8,1.8,1.8,1.8,1.8,1.8,1.8,1.8,1.8,1.8,1.8,1.8,1.8,1.8,1.8,1.8,1.8,1.8,1.8,1.8,1.8,1.8,1.8,1.8,1.8,1.8,1.8,1.8,1.8,1.8,1.8,1.8,1.8,1.8,1.8,1.8,1.8,1.8,1.8,1.8,1.8,1.8,1.8,1.8,1.8,1.8,1.8,1.8,1.8,1.8,1.8,1.8,1.8,1.8,1.8,1.8,1.8,1.8,1.8,1.8,1.8,1.8,1.8,1.8,1.8,1.8,1.8,1.8,1.8,1.8,1.8,1.8,1.8,1.8,1.8,1.8
3377906287674510514,2016-07-19,1.8,1.8,1.8,1.8,1.8,1.8,1.8,1.8,1.8,1.8,1.8,1.8,1.8,1.8,1.8,1.8,1.8,1.8,1.8,1.8,1.8,1.8,1.8,1.8,1.8,1.8,1.8,1.8,1.8,1.8,1.8,1.8,1.8,1.8,1.8,1.8,1.8,1.8,1.8,1.8,1.8,1.8,1.8,1.8,1.8,1.8,1.8,1.8,1.8,1.8,1.8,1.8,1.8,1.8,1.8,1.8,1.8,1.8,1.8,1.8,1.8,1.8,1.8,1.8,1.8,1.8,1.8,1.8,1.8,1.8,1.8,1.8,1.8,1.8,1.8,1.8,1.8,1.8,1.8,1.8,1.8,1.8,1.8,1.8,1.8,1.8,1.8,1.8,1.8,1.8
3377906287674510514,2017-06-18,1.8,1.8,1.8,1.8,1.8,1.8,1.8,1.8,1.8,1.8,1.8,1.8,1.8,1.8,1.8,1.8,1.8,1.8,1.8,1.8,1.8,1.8,1.8,1.8,1.8,1.8,1.8,1.8,1.8,1.8,1.8,1.8,1.8,1.8,1.8,1.8,1.8,1.8,1.8,1.8,1.8,1.8,1.8,1.8,1.8,1.8,1.8,1.8,1.8,1.8,1.8,1.8,1.8,1.8,1.8,1.8,1.8,1.8,1.8,1.8,1.8,1.8,1.8,1.8,1.8,1.8,1.8,1.8,1.8,1.8,1.8,1.8,1.8,1.8,1.8,1.8,1.8,1.8,1.8,1.8,1.8,1.8,1.8,1.8,1.8,1.8,1.8,1.8,1.8,1.8
3377906287674510514,2017-06-17,1.8,1.8,1.8,1.8,1.8,1.8,1.8,1.8,1.8,1.8,1.8,1.8,1.8,1.8,1.8,1.8,1.8,1.8,1.8,1.8,1.8,1.8,1.8,1.8,1.8,1.8,1.8,1.8,1.8,1.8,1.8,1.8,1.8,1.8,1.8,1.8,1.8,1.8,1.8,1.8,1.8,1.8,1.8,1.8,1.8,1.8,1.8,1.8,1.8,1.8,1.8,1.8,1.8,1.8,1.8,1.8,1.8,1.8,1.8,1.8,1.8,1.8,1.8,1.8,1.8,1.8,1.8,1.8,1.8,1.8,1.8,1.8,1.8,1.8,1.8,1.8,1.8,1.8,1.8,1.8,1.8,1.8,1.8,1.8,1.8,1.8,1.8,1.8,1.8,1.8
3377906287674510514,2017-06-16,1.8,1.8,1.8,1.8,1.8,1.8,1.8,1.8,1.8,1.8,1.8,1.8,1.8,1.8,1.8,1.8,1.8,1.8,1.8,1.8,1.8,1.8,1.8,1.8,1.8,1.8,1.8,1.8,1.8,1.8,1.8,1.8,1.8,1.8,1.8,1.8,1.8,1.8,1.8,1.8,1.8,1.8,1.8,1.8,1.8,1.8,1.8,1.8,1.8,1.8,1.8,1.8,1.8,1.8,1.8,1.8,1.8,1.8,1.8,1.8,1.8,1.8,1.8,1.8,1.8,1.8,1.8,1.8,1.8,1.8,1.8,1.8,1.8,1.8,1.8,1.8,1.8,1.8,1.8,1.8,1.8,1.8,1.8,1.8,1.8,1.8,1.8,1.8,1.8,1.8
3377906287674510514,2017-04-08,1.8,1.8,1.8,1.8,1.8,1.8,1.8,1.8,1.8,1.8,1.8,1.8,1.8,1.8,1.8,1.8,1.8,1.8,1.8,1.8,1.8,1.8,1.8,1.8,1.8,1.8,1.8,1.8,1.8,1.8,1.8,1.8,1.8,1.8,1.8,1.8,1.8,1.8,1.8,1.8,1.8,1.8,1.8,1.8,1.8,1.8,1.8,1.8,1.8,1.8,1.8,1.8,1.8,1.8,1.8,1.8,1.8,1.8,1.8,1.8,1.8,1.8,1.8,1.8,1.8,1.8,1.8,1.8,1.8,1.8,1.8,1.8,1.8,1.8,1.8,1.8,1.8,1.8,1.8,1.8,1.8,1.8,1.8,1.8,1.8,1.8,1.8,1.8,1.8,1.8
3377906287674510514,2016-07-16,1.8,1.8,1.8,1.8,1.8,1.8,1.8,1.8,1.8,1.8,1.8,1.8,1.8,1.8,1.8,1.8,1.8,1.8,1.8,1.8,1.8,1.8,1.8,1.8,1.8,1.8,1.8,1.8,1.8,1.8,1.8,1.8,1.8,1.8,1.8,1.8,1.8,1.8,1.8,1.8,1.8,1.8,1.8,1.8,1.8,1.8,1.8,1.8,1.8,1.8,1.8,1.8,1.8,1.8,1.8,1.8,1.8,1.8,1.8,1.8,1.8,1.8,1.8,1.8,1.8,1.8,1.8,1.8,1.8,1.8,1.8,1.8,1.8,1.8,1.8,1.8,1.8,1.8,1.8,1.8,1.8,1.8,1.8,1.8,1.8,1.8,1.8,1.8,1.8,1.8
3377906287674510514,2017-06-15,1.8,1.8,1.8,1.8,1.8,1.8,1.8,1.8,1.8,1.8,1.8,1.8,1.8,1.8,1.8,1.8,1.8,1.8,1.8,1.8,1.8,1.8,1.8,1.8,1.8,1.8,1.8,1.8,1.8,1.8,1.8,1.8,1.8,1.8,1.8,1.8,1.8,1.8,1.8,1.8,1.8,1.8,1.8,1.8,1.8,1.8,1.8,1.8,1.8,1.8,1.8,1.8,1.8,1.8,1.8,1.8,1.8,1.8,1.8,1.8,1.8,1.8,1.8,1.8,1.8,1.8,1.8,1.8,1.8,1.8,1.8,1.8,1.8,1.8,1.8,1.8,1.8,1.8,1.8,1.8,1.8,1.8,1.8,1.8,1.8,1.8,1.8,1.8,1.8,1.8
3377906287674510514,2017-04-09,1.8,1.8,1.8,1.8,1.8,1.8,1.8,1.8,1.8,1.8,1.8,1.8,1.8,1.8,1.8,1.8,1.8,1.8,1.8,1.8,1.8,1.8,1.8,1.8,1.8,1.8,1.8,1.8,1.8,1.8,1.8,1.8,1.8,1.8,1.8,1.8,1.8,1.8,1.8,1.8,1.8,1.8,1.8,1.8,1.8,1.8,1.8,1.8,1.8,1.8,1.8,1.8,1.8,1.8,1.8,1.8,1.8,1.8,1.8,1.8,1.8,1.8,1.8,1.8,1.8,1.8,1.8,1.8,1.8,1.8,1.8,1.8,1.8,1.8,1.8,1.8,1.8,1.8,1.8,1.8,1.8,1.8,1.8,1.8,1.8,1.8,1.8,1.8,1.8,1.8
3377906287674510514,2016-07-15,1.8,1.8,1.8,1.8,1.8,1.8,1.8,1.8,1.8,1.8,1.8,1.8,1.8,1.8,1.8,1.8,1.8,1.8,1.8,1.8,1.8,1.8,1.8,1.8,1.8,1.8,1.8,1.8,1.8,1.8,1.8,1.8,1.8,1.8,1.8,1.8,1.8,1.8,1.8,1.8,1.8,1.8,1.8,1.8,1.8,1.8,1.8,1.8,1.8,1.8,1.8,1.8,1.8,1.8,1.8,1.8,1.8,1.8,1.8,1.8,1.8,1.8,1.8,1.8,1.8,1.8,1.8,1.8,1.8,1.8,1.8,1.8,1.8,1.8,1.8,1.8,1.8,1.8,1.8,1.8,1.8,1.8,1.8,1.8,1.8,1.8,1.8,1.8,1.8,1.8
3377906287674510514,2017-06-14,1.8,1.8,1.8,1.8,1.8,1.8,1.8,1.8,1.8,1.8,1.8,1.8,1.8,1.8,1.8,1.8,1.8,1.8,1.8,1.8,1.8,1.8,1.8,1.8,1.8,1.8,1.8,1.8,1.8,1.8,1.8,1.8,1.8,1.8,1.8,1.8,1.8,1.8,1.8,1.8,1.8,1.8,1.8,1.8,1.8,1.8,1.8,1.8,1.8,1.8,1.8,1.8,1.8,1.8,1.8,1.8,1.8,1.8,1.8,1.8,1.8,1.8,1.8,1.8,1.8,1.8,1.8,1.8,1.8,1.8,1.8,1.8,1.8,1.8,1.8,1.8,1.8,1.8,1.8,1.8,1.8,1.8,1.8,1.8,1.8,1.8,1.8,1.8,1.8,1.8
3377906287674510514,2016-07-18,1.8,1.8,1.8,1.8,1.8,1.8,1.8,1.8,1.8,1.8,1.8,1.8,1.8,1.8,1.8,1.8,1.8,1.8,1.8,1.8,1.8,1.8,1.8,1.8,1.8,1.8,1.8,1.8,1.8,1.8,1.8,1.8,1.8,1.8,1.8,1.8,1.8,1.8,1.8,1.8,1.8,1.8,1.8,1.8,1.8,1.8,1.8,1.8,1.8,1.8,1.8,1.8,1.8,1.8,1.8,1.8,1.8,1.8,1.8,1.8,1.8,1.8,1.8,1.8,1.8,1.8,1.8,1.8,1.8,1.8,1.8,1.8,1.8,1.8,1.8,1.8,1.8,1.8,1.8,1.8,1.8,1.8,1.8,1.8,1.8,1.8,1.8,1.8,1.8,1.8
3377906287674510514,2017-06-13,1.8,1.8,1.8,1.8,1.8,1.8,1.8,1.8,1.8,1.8,1.8,1.8,1.8,1.8,1.8,1.8,1.8,1.8,1.8,1.8,1.8,1.8,1.8,1.8,1.8,1.8,1.8,1.8,1.8,1.8,1.8,1.8,1.8,1.8,1.8,1.8,1.8,1.8,1.8,1.8,1.8,1.8,1.8,1.8,1.8,1.8,1.8,1.8,1.8,1.8,1.8,1.8,1.8,1.8,1.8,1.8,1.8,1.8,1.8,1.8,1.8,1.8,1.8,1.8,1.8,1.8,1.8,1.8,1.8,1.8,1.8,1.8,1.8,1.8,1.8,1.8,1.8,1.8,1.8,1.8,1.8,1.8,1.8,1.8,1.8,1.8,1.8,1.8,1.8,1.8
3377906287674510514,2016-07-17,1.8,1.8,1.8,1.8,1.8,1.8,1.8,1.8,1.8,1.8,1.8,1.8,1.8,1.8,1.8,1.8,1.8,1.8,1.8,1.8,1.8,1.8,1.8,1.8,1.8,1.8,1.8,1.8,1.8,1.8,1.8,1.8,1.8,1.8,1.8,1.8,1.8,1.8,1.8,1.8,1.8,1.8,1.8,1.8,1.8,1.8,1.8,1.8,1.8,1.8,1.8,1.8,1.8,1.8,1.8,1.8,1.8,1.8,1.8,1.8,1.8,1.8,1.8,1.8,1.8,1.8,1.8,1.8,1.8,1.8,1.8,1.8,1.8,1.8,1.8,1.8,1.8,1.8,1.8,1.8,1.8,1.8,1.8,1.8,1.8,1.8,1.8,1.8,1.8,1.8
3377906287674510514,2017-04-04,1.8,1.8,1.8,1.8,1.8,1.8,1.8,1.8,1.8,1.8,1.8,1.8,1.8,1.8,1.8,1.8,1.8,1.8,1.8,1.8,1.8,1.8,1.8,1.8,1.8,1.8,1.8,1.8,1.8,1.8,1.8,1.8,1.8,1.8,1.8,1.8,1.8,1.8,1.8,1.8,1.8,1.8,1.8,1.8,1.8,1.8,1.8,1.8,1.8,1.8,1.8,1.8,1.8,1.8,1.8,1.8,1.8,1.8,1.8,1.8,1.8,1.8,1.8,1.8,1.8,1.8,1.8,1.8,1.8,1.8,1.8,1.8,1.8,1.8,1.8,1.8,1.8,1.8,1.8,1.8,1.8,1.8,1.8,1.8,1.8,1.8,1.8,1.8,1.8,1.8
3377906287674510514,2017-05-23,1.8,1.8,1.8,1.8,1.8,1.8,1.8,1.8,1.8,1.8,1.8,1.8,1.8,1.8,1.8,1.8,1.8,1.8,1.8,1.8,1.8,1.8,1.8,1.8,1.8,1.8,1.8,1.8,1.8,1.8,1.8,1.8,1.8,1.8,1.8,1.8,1.8,1.8,1.8,1.8,1.8,1.8,1.8,1.8,1.8,1.8,1.8,1.8,1.8,1.8,1.8,1.8,1.8,1.8,1.8,1.8,1.8,1.8,1.8,1.8,1.8,1.8,1.8,1.8,1.8,1.8,1.8,1.8,1.8,1.8,1.8,1.8,1.8,1.8,1.8,1.8,1.8,1.8,1.8,1.8,1.8,1.8,1.8,1.8,1.8,1.8,1.8,1.8,1.8,1.8
3377906287674510514,2017-04-05,1.8,1.8,1.8,1.8,1.8,1.8,1.8,1.8,1.8,1.8,1.8,1.8,1.8,1.8,1.8,1.8,1.8,1.8,1.8,1.8,1.8,1.8,1.8,1.8,1.8,1.8,1.8,1.8,1.8,1.8,1.8,1.8,1.8,1.8,1.8,1.8,1.8,1.8,1.8,1.8,1.8,1.8,1.8,1.8,1.8,1.8,1.8,1.8,1.8,1.8,1.8,1.8,1.8,1.8,1.8,1.8,1.8,1.8,1.8,1.8,1.8,1.8,1.8,1.8,1.8,1.8,1.8,1.8,1.8,1.8,1.8,1.8,1.8,1.8,1.8,1.8,1.8,1.8,1.8,1.8,1.8,1.8,1.8,1.8,1.8,1.8,1.8,1.8,1.8,1.8
3377906287674510514,2017-05-24,1.8,1.8,1.8,1.8,1.8,1.8,1.8,1.8,1.8,1.8,1.8,1.8,1.8,1.8,1.8,1.8,1.8,1.8,1.8,1.8,1.8,1.8,1.8,1.8,1.8,1.8,1.8,1.8,1.8,1.8,1.8,1.8,1.8,1.8,1.8,1.8,1.8,1.8,1.8,1.8,1.8,1.8,1.8,1.8,1.8,1.8,1.8,1.8,1.8,1.8,1.8,1.8,1.8,1.8,1.8,1.8,1.8,1.8,1.8,1.8,1.8,1.8,1.8,1.8,1.8,1.8,1.8,1.8,1.8,1.8,1.8,1.8,1.8,1.8,1.8,1.8,1.8,1.8,1.8,1.8,1.8,1.8,1.8,1.8,1.8,1.8,1.8,1.8,1.8,1.8
3377906287674510514,2017-04-06,1.8,1.8,1.8,1.8,1.8,1.8,1.8,1.8,1.8,1.8,1.8,1.8,1.8,1.8,1.8,1.8,1.8,1.8,1.8,1.8,1.8,1.8,1.8,1.8,1.8,1.8,1.8,1.8,1.8,1.8,1.8,1.8,1.8,1.8,1.8,1.8,1.8,1.8,1.8,1.8,1.8,1.8,1.8,1.8,1.8,1.8,1.8,1.8,1.8,1.8,1.8,1.8,1.8,1.8,1.8,1.8,1.8,1.8,1.8,1.8,1.8,1.8,1.8,1.8,1.8,1.8,1.8,1.8,1.8,1.8,1.8,1.8,1.8,1.8,1.8,1.8,1.8,1.8,1.8,1.8,1.8,1.8,1.8,1.8,1.8,1.8,1.8,1.8,1.8,1.8
3377906287674510514,2017-05-25,1.8,1.8,1.8,1.8,1.8,1.8,1.8,1.8,1.8,1.8,1.8,1.8,1.8,1.8,1.8,1.8,1.8,1.8,1.8,1.8,1.8,1.8,1.8,1.8,1.8,1.8,1.8,1.8,1.8,1.8,1.8,1.8,1.8,1.8,1.8,1.8,1.8,1.8,1.8,1.8,1.8,1.8,1.8,1.8,1.8,1.8,1.8,1.8,1.8,1.8,1.8,1.8,1.8,1.8,1.8,1.8,1.8,1.8,1.8,1.8,1.8,1.8,1.8,1.8,1.8,1.8,1.8,1.8,1.8,1.8,1.8,1.8,1.8,1.8,1.8,1.8,1.8,1.8,1.8,1.8,1.8,1.8,1.8,1.8,1.8,1.8,1.8,1.8,1.8,1.8
3377906287674510514,2017-04-07,1.8,1.8,1.8,1.8,1.8,1.8,1.8,1.8,1.8,1.8,1.8,1.8,1.8,1.8,1.8,1.8,1.8,1.8,1.8,1.8,1.8,1.8,1.8,1.8,1.8,1.8,1.8,1.8,1.8,1.8,1.8,1.8,1.8,1.8,1.8,1.8,1.8,1.8,1.8,1.8,1.8,1.8,1.8,1.8,1.8,1.8,1.8,1.8,1.8,1.8,1.8,1.8,1.8,1.8,1.8,1.8,1.8,1.8,1.8,1.8,1.8,1.8,1.8,1.8,1.8,1.8,1.8,1.8,1.8,1.8,1.8,1.8,1.8,1.8,1.8,1.8,1.8,1.8,1.8,1.8,1.8,1.8,1.8,1.8,1.8,1.8,1.8,1.8,1.8,1.8
3377906287674510514,2017-05-26,1.8,1.8,1.8,1.8,1.8,1.8,1.8,1.8,1.8,1.8,1.8,1.8,1.8,1.8,1.8,1.8,1.8,1.8,1.8,1.8,1.8,1.8,1.8,1.8,1.8,1.8,1.8,1.8,1.8,1.8,1.8,1.8,1.8,1.8,1.8,1.8,1.8,1.8,1.8,1.8,1.8,1.8,1.8,1.8,1.8,1.8,1.8,1.8,1.8,1.8,1.8,1.8,1.8,1.8,1.8,1.8,1.8,1.8,1.8,1.8,1.8,1.8,1.8,1.8,1.8,1.8,1.8,1.8,1.8,1.8,1.8,1.8,1.8,1.8,1.8,1.8,1.8,1.8,1.8,1.8,1.8,1.8,1.8,1.8,1.8,1.8,1.8,1.8,1.8,1.8
3377906287674510514,2017-05-27,1.8,1.8,1.8,1.8,1.8,1.8,1.8,1.8,1.8,1.8,1.8,1.8,1.8,1.8,1.8,1.8,1.8,1.8,1.8,1.8,1.8,1.8,1.8,1.8,1.8,1.8,1.8,1.8,1.8,1.8,1.8,1.8,1.8,1.8,1.8,1.8,1.8,1.8,1.8,1.8,1.8,1.8,1.8,1.8,1.8,1.8,1.8,1.8,1.8,1.8,1.8,1.8,1.8,1.8,1.8,1.8,1.8,1.8,1.8,1.8,1.8,1.8,1.8,1.8,1.8,1.8,1.8,1.8,1.8,1.8,1.8,1.8,1.8,1.8,1.8,1.8,1.8,1.8,1.8,1.8,1.8,1.8,1.8,1.8,1.8,1.8,1.8,1.8,1.8,1.8
3377906287674510514,2017-04-01,1.8,1.8,1.8,1.8,1.8,1.8,1.8,1.8,1.8,1.8,1.8,1.8,1.8,1.8,1.8,1.8,1.8,1.8,1.8,1.8,1.8,1.8,1.8,1.8,1.8,1.8,1.8,1.8,1.8,1.8,1.8,1.8,1.8,1.8,1.8,1.8,1.8,1.8,1.8,1.8,1.8,1.8,1.8,1.8,1.8,1.8,1.8,1.8,1.8,1.8,1.8,1.8,1.8,1.8,1.8,1.8,1.8,1.8,1.8,1.8,1.8,1.8,1.8,1.8,1.8,1.8,1.8,1.8,1.8,1.8,1.8,1.8,1.8,1.8,1.8,1.8,1.8,1.8,1.8,1.8,1.8,1.8,1.8,1.8,1.8,1.8,1.8,1.8,1.8,1.8
3377906287674510514,2017-05-28,1.8,1.8,1.8,1.8,1.8,1.8,1.8,1.8,1.8,1.8,1.8,1.8,1.8,1.8,1.8,1.8,1.8,1.8,1.8,1.8,1.8,1.8,1.8,1.8,1.8,1.8,1.8,1.8,1.8,1.8,1.8,1.8,1.8,1.8,1.8,1.8,1.8,1.8,1.8,1.8,1.8,1.8,1.8,1.8,1.8,1.8,1.8,1.8,1.8,1.8,1.8,1.8,1.8,1.8,1.8,1.8,1.8,1.8,1.8,1.8,1.8,1.8,1.8,1.8,1.8,1.8,1.8,1.8,1.8,1.8,1.8,1.8,1.8,1.8,1.8,1.8,1.8,1.8,1.8,1.8,1.8,1.8,1.8,1.8,1.8,1.8,1.8,1.8,1.8,1.8
3377906287674510514,2017-07-01,1.8,1.8,1.8,1.8,1.8,1.8,1.8,1.8,1.8,1.8,1.8,1.8,1.8,1.8,1.8,1.8,1.8,1.8,1.8,1.8,1.8,1.8,1.8,1.8,1.8,1.8,1.8,1.8,1.8,1.8,1.8,1.8,1.8,1.8,1.8,1.8,1.8,1.8,1.8,1.8,1.8,1.8,1.8,1.8,1.8,1.8,1.8,1.8,1.8,1.8,1.8,1.8,1.8,1.8,1.8,1.8,1.8,1.8,1.8,1.8,1.8,1.8,1.8,1.8,1.8,1.8,1.8,1.8,1.8,1.8,1.8,1.8,1.8,1.8,1.8,1.8,1.8,1.8,1.8,1.8,1.8,1.8,1.8,1.8,1.8,1.8,1.8,1.8,1.8,1.8
3377906287674510514,2017-04-02,1.8,1.8,1.8,1.8,1.8,1.8,1.8,1.8,1.8,1.8,1.8,1.8,1.8,1.8,1.8,1.8,1.8,1.8,1.8,1.8,1.8,1.8,1.8,1.8,1.8,1.8,1.8,1.8,1.8,1.8,1.8,1.8,1.8,1.8,1.8,1.8,1.8,1.8,1.8,1.8,1.8,1.8,1.8,1.8,1.8,1.8,1.8,1.8,1.8,1.8,1.8,1.8,1.8,1.8,1.8,1.8,1.8,1.8,1.8,1.8,1.8,1.8,1.8,1.8,1.8,1.8,1.8,1.8,1.8,1.8,1.8,1.8,1.8,1.8,1.8,1.8,1.8,1.8,1.8,1.8,1.8,1.8,1.8,1.8,1.8,1.8,1.8,1.8,1.8,1.8
3377906287674510514,2017-05-29,1.8,1.8,1.8,1.8,1.8,1.8,1.8,1.8,1.8,1.8,1.8,1.8,1.8,1.8,1.8,1.8,1.8,1.8,1.8,1.8,1.8,1.8,1.8,1.8,1.8,1.8,1.8,1.8,1.8,1.8,1.8,1.8,1.8,1.8,1.8,1.8,1.8,1.8,1.8,1.8,1.8,1.8,1.8,1.8,1.8,1.8,1.8,1.8,1.8,1.8,1.8,1.8,1.8,1.8,1.8,1.8,1.8,1.8,1.8,1.8,1.8,1.8,1.8,1.8,1.8,1.8,1.8,1.8,1.8,1.8,1.8,1.8,1.8,1.8,1.8,1.8,1.8,1.8,1.8,1.8,1.8,1.8,1.8,1.8,1.8,1.8,1.8,1.8,1.8,1.8
3377906287674510514,2017-07-02,1.8,1.8,1.8,1.8,1.8,1.8,1.8,1.8,1.8,1.8,1.8,1.8,1.8,1.8,1.8,1.8,1.8,1.8,1.8,1.8,1.8,1.8,1.8,1.8,1.8,1.8,1.8,1.8,1.8,1.8,1.8,1.8,1.8,1.8,1.8,1.8,1.8,1.8,1.8,1.8,1.8,1.8,1.8,1.8,1.8,1.8,1.8,1.8,1.8,1.8,1.8,1.8,1.8,1.8,1.8,1.8,1.8,1.8,1.8,1.8,1.8,1.8,1.8,1.8,1.8,1.8,1.8,1.8,1.8,1.8,1.8,1.8,1.8,1.8,1.8,1.8,1.8,1.8,1.8,1.8,1.8,1.8,1.8,1.8,1.8,1.8,1.8,1.8,1.8,1.8
3377906287674510514,2017-04-03,1.8,1.8,1.8,1.8,1.8,1.8,1.8,1.8,1.8,1.8,1.8,1.8,1.8,1.8,1.8,1.8,1.8,1.8,1.8,1.8,1.8,1.8,1.8,1.8,1.8,1.8,1.8,1.8,1.8,1.8,1.8,1.8,1.8,1.8,1.8,1.8,1.8,1.8,1.8,1.8,1.8,1.8,1.8,1.8,1.8,1.8,1.8,1.8,1.8,1.8,1.8,1.8,1.8,1.8,1.8,1.8,1.8,1.8,1.8,1.8,1.8,1.8,1.8,1.8,1.8,1.8,1.8,1.8,1.8,1.8,1.8,1.8,1.8,1.8,1.8,1.8,1.8,1.8,1.8,1.8,1.8,1.8,1.8,1.8,1.8,1.8,1.8,1.8,1.8,1.8
3377906287674510514,2017-04-10,1.8,1.8,1.8,1.8,1.8,1.8,1.8,1.8,1.8,1.8,1.8,1.8,1.8,1.8,1.8,1.8,1.8,1.8,1.8,1.8,1.8,1.8,1.8,1.8,1.8,1.8,1.8,1.8,1.8,1.8,1.8,1.8,1.8,1.8,1.8,1.8,1.8,1.8,1.8,1.8,1.8,1.8,1.8,1.8,1.8,1.8,1.8,1.8,1.8,1.8,1.8,1.8,1.8,1.8,1.8,1.8,1.8,1.8,1.8,1.8,1.8,1.8,1.8,1.8,1.8,1.8,1.8,1.8,1.8,1.8,1.8,1.8,1.8,1.8,1.8,1.8,1.8,1.8,1.8,1.8,1.8,1.8,1.8,1.8,1.8,1.8,1.8,1.8,1.8,1.8
3377906287674510514,2017-05-31,1.8,1.8,1.8,1.8,1.8,1.8,1.8,1.8,1.8,1.8,1.8,1.8,1.8,1.8,1.8,1.8,1.8,1.8,1.8,1.8,1.8,1.8,1.8,1.8,1.8,1.8,1.8,1.8,1.8,1.8,1.8,1.8,1.8,1.8,1.8,1.8,1.8,1.8,1.8,1.8,1.8,1.8,1.8,1.8,1.8,1.8,1.8,1.8,1.8,1.8,1.8,1.8,1.8,1.8,1.8,1.8,1.8,1.8,1.8,1.8,1.8,1.8,1.8,1.8,1.8,1.8,1.8,1.8,1.8,1.8,1.8,1.8,1.8,1.8,1.8,1.8,1.8,1.8,1.8,1.8,1.8,1.8,1.8,1.8,1.8,1.8,1.8,1.8,1.8,1.8
3377906287674510514,2017-05-30,1.8,1.8,1.8,1.8,1.8,1.8,1.8,1.8,1.8,1.8,1.8,1.8,1.8,1.8,1.8,1.8,1.8,1.8,1.8,1.8,1.8,1.8,1.8,1.8,1.8,1.8,1.8,1.8,1.8,1.8,1.8,1.8,1.8,1.8,1.8,1.8,1.8,1.8,1.8,1.8,1.8,1.8,1.8,1.8,1.8,1.8,1.8,1.8,1.8,1.8,1.8,1.8,1.8,1.8,1.8,1.8,1.8,1.8,1.8,1.8,1.8,1.8,1.8,1.8,1.8,1.8,1.8,1.8,1.8,1.8,1.8,1.8,1.8,1.8,1.8,1.8,1.8,1.8,1.8,1.8,1.8,1.8,1.8,1.8,1.8,1.8,1.8,1.8,1.8,1.8
3377906287674510514,2017-06-22,1.8,1.8,1.8,1.8,1.8,1.8,1.8,1.8,1.8,1.8,1.8,1.8,1.8,1.8,1.8,1.8,1.8,1.8,1.8,1.8,1.8,1.8,1.8,1.8,1.8,1.8,1.8,1.8,1.8,1.8,1.8,1.8,1.8,1.8,1.8,1.8,1.8,1.8,1.8,1.8,1.8,1.8,1.8,1.8,1.8,1.8,1.8,1.8,1.8,1.8,1.8,1.8,1.8,1.8,1.8,1.8,1.8,1.8,1.8,1.8,1.8,1.8,1.8,1.8,1.8,1.8,1.8,1.8,1.8,1.8,1.8,1.8,1.8,1.8,1.8,1.8,1.8,1.8,1.8,1.8,1.8,1.8,1.8,1.8,1.8,1.8,1.8,1.8,1.8,1.8
3377906287674510514,2016-07-22,1.8,1.8,1.8,1.8,1.8,1.8,1.8,1.8,1.8,1.8,1.8,1.8,1.8,1.8,1.8,1.8,1.8,1.8,1.8,1.8,1.8,1.8,1.8,1.8,1.8,1.8,1.8,1.8,1.8,1.8,1.8,1.8,1.8,1.8,1.8,1.8,1.8,1.8,1.8,1.8,1.8,1.8,1.8,1.8,1.8,1.8,1.8,1.8,1.8,1.8,1.8,1.8,1.8,1.8,1.8,1.8,1.8,1.8,1.8,1.8,1.8,1.8,1.8,1.8,1.8,1.8,1.8,1.8,1.8,1.8,1.8,1.8,1.8,1.8,1.8,1.8,1.8,1.8,1.8,1.8,1.8,1.8,1.8,1.8,1.8,1.8,1.8,1.8,1.8,1.8
3377906287674510514,2017-06-23,1.8,1.8,1.8,1.8,1.8,1.8,1.8,1.8,1.8,1.8,1.8,1.8,1.8,1.8,1.8,1.8,1.8,1.8,1.8,1.8,1.8,1.8,1.8,1.8,1.8,1.8,1.8,1.8,1.8,1.8,1.8,1.8,1.8,1.8,1.8,1.8,1.8,1.8,1.8,1.8,1.8,1.8,1.8,1.8,1.8,1.8,1.8,1.8,1.8,1.8,1.8,1.8,1.8,1.8,1.8,1.8,1.8,1.8,1.8,1.8,1.8,1.8,1.8,1.8,1.8,1.8,1.8,1.8,1.8,1.8,1.8,1.8,1.8,1.8,1.8,1.8,1.8,1.8,1.8,1.8,1.8,1.8,1.8,1.8,1.8,1.8,1.8,1.8,1.8,1.8
3377906287674510514,2016-07-23,1.8,1.8,1.8,1.8,1.8,1.8,1.8,1.8,1.8,1.8,1.8,1.8,1.8,1.8,1.8,1.8,1.8,1.8,1.8,1.8,1.8,1.8,1.8,1.8,1.8,1.8,1.8,1.8,1.8,1.8,1.8,1.8,1.8,1.8,1.8,1.8,1.8,1.8,1.8,1.8,1.8,1.8,1.8,1.8,1.8,1.8,1.8,1.8,1.8,1.8,1.8,1.8,1.8,1.8,1.8,1.8,1.8,1.8,1.8,1.8,1.8,1.8,1.8,1.8,1.8,1.8,1.8,1.8,1.8,1.8,1.8,1.8,1.8,1.8,1.8,1.8,1.8,1.8,1.8,1.8,1.8,1.8,1.8,1.8,1.8,1.8,1.8,1.8,1.8,1.8
3377906287674510514,2017-06-20,1.8,1.8,1.8,1.8,1.8,1.8,1.8,1.8,1.8,1.8,1.8,1.8,1.8,1.8,1.8,1.8,1.8,1.8,1.8,1.8,1.8,1.8,1.8,1.8,1.8,1.8,1.8,1.8,1.8,1.8,1.8,1.8,1.8,1.8,1.8,1.8,1.8,1.8,1.8,1.8,1.8,1.8,1.8,1.8,1.8,1.8,1.8,1.8,1.8,1.8,1.8,1.8,1.8,1.8,1.8,1.8,1.8,1.8,1.8,1.8,1.8,1.8,1.8,1.8,1.8,1.8,1.8,1.8,1.8,1.8,1.8,1.8,1.8,1.8,1.8,1.8,1.8,1.8,1.8,1.8,1.8,1.8,1.8,1.8,1.8,1.8,1.8,1.8,1.8,1.8
3377906287674510514,2016-07-24,1.8,1.8,1.8,1.8,1.8,1.8,1.8,1.8,1.8,1.8,1.8,1.8,1.8,1.8,1.8,1.8,1.8,1.8,1.8,1.8,1.8,1.8,1.8,1.8,1.8,1.8,1.8,1.8,1.8,1.8,1.8,1.8,1.8,1.8,1.8,1.8,1.8,1.8,1.8,1.8,1.8,1.8,1.8,1.8,1.8,1.8,1.8,1.8,1.8,1.8,1.8,1.8,1.8,1.8,1.8,1.8,1.8,1.8,1.8,1.8,1.8,1.8,1.8,1.8,1.8,1.8,1.8,1.8,1.8,1.8,1.8,1.8,1.8,1.8,1.8,1.8,1.8,1.8,1.8,1.8,1.8,1.8,1.8,1.8,1.8,1.8,1.8,1.8,1.8,1.8
3377906287674510514,2017-06-21,1.8,1.8,1.8,1.8,1.8,1.8,1.8,1.8,1.8,1.8,1.8,1.8,1.8,1.8,1.8,1.8,1.8,1.8,1.8,1.8,1.8,1.8,1.8,1.8,1.8,1.8,1.8,1.8,1.8,1.8,1.8,1.8,1.8,1.8,1.8,1.8,1.8,1.8,1.8,1.8,1.8,1.8,1.8,1.8,1.8,1.8,1.8,1.8,1.8,1.8,1.8,1.8,1.8,1.8,1.8,1.8,1.8,1.8,1.8,1.8,1.8,1.8,1.8,1.8,1.8,1.8,1.8,1.8,1.8,1.8,1.8,1.8,1.8,1.8,1.8,1.8,1.8,1.8,1.8,1.8,1.8,1.8,1.8,1.8,1.8,1.8,1.8,1.8,1.8,1.8
3377906287674510514,2016-07-25,1.8,1.8,1.8,1.8,1.8,1.8,1.8,1.8,1.8,1.8,1.8,1.8,1.8,1.8,1.8,1.8,1.8,1.8,1.8,1.8,1.8,1.8,1.8,1.8,1.8,1.8,1.8,1.8,1.8,1.8,1.8,1.8,1.8,1.8,1.8,1.8,1.8,1.8,1.8,1.8,1.8,1.8,1.8,1.8,1.8,1.8,1.8,1.8,1.8,1.8,1.8,1.8,1.8,1.8,1.8,1.8,1.8,1.8,1.8,1.8,1.8,1.8,1.8,1.8,1.8,1.8,1.8,1.8,1.8,1.8,1.8,1.8,1.8,1.8,1.8,1.8,1.8,1.8,1.8,1.8,1.8,1.8,1.8,1.8,1.8,1.8,1.8,1.8,1.8,1.8
3377906287674510514,2016-07-20,1.8,1.8,1.8,1.8,1.8,1.8,1.8,1.8,1.8,1.8,1.8,1.8,1.8,1.8,1.8,1.8,1.8,1.8,1.8,1.8,1.8,1.8,1.8,1.8,1.8,1.8,1.8,1.8,1.8,1.8,1.8,1.8,1.8,1.8,1.8,1.8,1.8,1.8,1.8,1.8,1.8,1.8,1.8,1.8,1.8,1.8,1.8,1.8,1.8,1.8,1.8,1.8,1.8,1.8,1.8,1.8,1.8,1.8,1.8,1.8,1.8,1.8,1.8,1.8,1.8,1.8,1.8,1.8,1.8,1.8,1.8,1.8,1.8,1.8,1.8,1.8,1.8,1.8,1.8,1.8,1.8,1.8,1.8,1.8,1.8,1.8,1.8,1.8,1.8,1.8
3377906287674510514,2016-07-21,1.8,1.8,1.8,1.8,1.8,1.8,1.8,1.8,1.8,1.8,1.8,1.8,1.8,1.8,1.8,1.8,1.8,1.8,1.8,1.8,1.8,1.8,1.8,1.8,1.8,1.8,1.8,1.8,1.8,1.8,1.8,1.8,1.8,1.8,1.8,1.8,1.8,1.8,1.8,1.8,1.8,1.8,1.8,1.8,1.8,1.8,1.8,1.8,1.8,1.8,1.8,1.8,1.8,1.8,1.8,1.8,1.8,1.8,1.8,1.8,1.8,1.8,1.8,1.8,1.8,1.8,1.8,1.8,1.8,1.8,1.8,1.8,1.8,1.8,1.8,1.8,1.8,1.8,1.8,1.8,1.8,1.8,1.8,1.8,1.8,1.8,1.8,1.8,1.8,1.8
3377906287674510514,2017-06-25,1.8,1.8,1.8,1.8,1.8,1.8,1.8,1.8,1.8,1.8,1.8,1.8,1.8,1.8,1.8,1.8,1.8,1.8,1.8,1.8,1.8,1.8,1.8,1.8,1.8,1.8,1.8,1.8,1.8,1.8,1.8,1.8,1.8,1.8,1.8,1.8,1.8,1.8,1.8,1.8,1.8,1.8,1.8,1.8,1.8,1.8,1.8,1.8,1.8,1.8,1.8,1.8,1.8,1.8,1.8,1.8,1.8,1.8,1.8,1.8,1.8,1.8,1.8,1.8,1.8,1.8,1.8,1.8,1.8,1.8,1.8,1.8,1.8,1.8,1.8,1.8,1.8,1.8,1.8,1.8,1.8,1.8,1.8,1.8,1.8,1.8,1.8,1.8,1.8,1.8
3377906287674510514,2016-07-07,1.8,1.8,1.8,1.8,1.8,1.8,1.8,1.8,1.8,1.8,1.8,1.8,1.8,1.8,1.8,1.8,1.8,1.8,1.8,1.8,1.8,1.8,1.8,1.8,1.8,1.8,1.8,1.8,1.8,1.8,1.8,1.8,1.8,1.8,1.8,1.8,1.8,1.8,1.8,1.8,1.8,1.8,1.8,1.8,1.8,1.8,1.8,1.8,1.8,1.8,1.8,1.8,1.8,1.8,1.8,1.8,1.8,1.8,1.8,1.8,1.8,1.8,1.8,1.8,1.8,1.8,1.8,1.8,1.8,1.8,1.8,1.8,1.8,1.8,1.8,1.8,1.8,1.8,1.8,1.8,1.8,1.8,1.8,1.8,1.8,1.8,1.8,1.8,1.8,1.8
3377906287674510514,2017-06-24,1.8,1.8,1.8,1.8,1.8,1.8,1.8,1.8,1.8,1.8,1.8,1.8,1.8,1.8,1.8,1.8,1.8,1.8,1.8,1.8,1.8,1.8,1.8,1.8,1.8,1.8,1.8,1.8,1.8,1.8,1.8,1.8,1.8,1.8,1.8,1.8,1.8,1.8,1.8,1.8,1.8,1.8,1.8,1.8,1.8,1.8,1.8,1.8,1.8,1.8,1.8,1.8,1.8,1.8,1.8,1.8,1.8,1.8,1.8,1.8,1.8,1.8,1.8,1.8,1.8,1.8,1.8,1.8,1.8,1.8,1.8,1.8,1.8,1.8,1.8,1.8,1.8,1.8,1.8,1.8,1.8,1.8,1.8,1.8,1.8,1.8,1.8,1.8,1.8,1.8
3377906287674510514,2016-07-06,1.8,1.8,1.8,1.8,1.8,1.8,1.8,1.8,1.8,1.8,1.8,1.8,1.8,1.8,1.8,1.8,1.8,1.8,1.8,1.8,1.8,1.8,1.8,1.8,1.8,1.8,1.8,1.8,1.8,1.8,1.8,1.8,1.8,1.8,1.8,1.8,1.8,1.8,1.8,1.8,1.8,1.8,1.8,1.8,1.8,1.8,1.8,1.8,1.8,1.8,1.8,1.8,1.8,1.8,1.8,1.8,1.8,1.8,1.8,1.8,1.8,1.8,1.8,1.8,1.8,1.8,1.8,1.8,1.8,1.8,1.8,1.8,1.8,1.8,1.8,1.8,1.8,1.8,1.8,1.8,1.8,1.8,1.8,1.8,1.8,1.8,1.8,1.8,1.8,1.8
3377906287674510514,2017-06-27,1.8,1.8,1.8,1.8,1.8,1.8,1.8,1.8,1.8,1.8,1.8,1.8,1.8,1.8,1.8,1.8,1.8,1.8,1.8,1.8,1.8,1.8,1.8,1.8,1.8,1.8,1.8,1.8,1.8,1.8,1.8,1.8,1.8,1.8,1.8,1.8,1.8,1.8,1.8,1.8,1.8,1.8,1.8,1.8,1.8,1.8,1.8,1.8,1.8,1.8,1.8,1.8,1.8,1.8,1.8,1.8,1.8,1.8,1.8,1.8,1.8,1.8,1.8,1.8,1.8,1.8,1.8,1.8,1.8,1.8,1.8,1.8,1.8,1.8,1.8,1.8,1.8,1.8,1.8,1.8,1.8,1.8,1.8,1.8,1.8,1.8,1.8,1.8,1.8,1.8
3377906287674510514,2016-07-05,1.8,1.8,1.8,1.8,1.8,1.8,1.8,1.8,1.8,1.8,1.8,1.8,1.8,1.8,1.8,1.8,1.8,1.8,1.8,1.8,1.8,1.8,1.8,1.8,1.8,1.8,1.8,1.8,1.8,1.8,1.8,1.8,1.8,1.8,1.8,1.8,1.8,1.8,1.8,1.8,1.8,1.8,1.8,1.8,1.8,1.8,1.8,1.8,1.8,1.8,1.8,1.8,1.8,1.8,1.8,1.8,1.8,1.8,1.8,1.8,1.8,1.8,1.8,1.8,1.8,1.8,1.8,1.8,1.8,1.8,1.8,1.8,1.8,1.8,1.8,1.8,1.8,1.8,1.8,1.8,1.8,1.8,1.8,1.8,1.8,1.8,1.8,1.8,1.8,1.8
3377906287674510514,2017-06-26,1.8,1.8,1.8,1.8,1.8,1.8,1.8,1.8,1.8,1.8,1.8,1.8,1.8,1.8,1.8,1.8,1.8,1.8,1.8,1.8,1.8,1.8,1.8,1.8,1.8,1.8,1.8,1.8,1.8,1.8,1.8,1.8,1.8,1.8,1.8,1.8,1.8,1.8,1.8,1.8,1.8,1.8,1.8,1.8,1.8,1.8,1.8,1.8,1.8,1.8,1.8,1.8,1.8,1.8,1.8,1.8,1.8,1.8,1.8,1.8,1.8,1.8,1.8,1.8,1.8,1.8,1.8,1.8,1.8,1.8,1.8,1.8,1.8,1.8,1.8,1.8,1.8,1.8,1.8,1.8,1.8,1.8,1.8,1.8,1.8,1.8,1.8,1.8,1.8,1.8
3377906287674510514,2016-07-04,1.8,1.8,1.8,1.8,1.8,1.8,1.8,1.8,1.8,1.8,1.8,1.8,1.8,1.8,1.8,1.8,1.8,1.8,1.8,1.8,1.8,1.8,1.8,1.8,1.8,1.8,1.8,1.8,1.8,1.8,1.8,1.8,1.8,1.8,1.8,1.8,1.8,1.8,1.8,1.8,1.8,1.8,1.8,1.8,1.8,1.8,1.8,1.8,1.8,1.8,1.8,1.8,1.8,1.8,1.8,1.8,1.8,1.8,1.8,1.8,1.8,1.8,1.8,1.8,1.8,1.8,1.8,1.8,1.8,1.8,1.8,1.8,1.8,1.8,1.8,1.8,1.8,1.8,1.8,1.8,1.8,1.8,1.8,1.8,1.8,1.8,1.8,1.8,1.8,1.8
3377906287674510514,2017-06-29,1.8,1.8,1.8,1.8,1.8,1.8,1.8,1.8,1.8,1.8,1.8,1.8,1.8,1.8,1.8,1.8,1.8,1.8,1.8,1.8,1.8,1.8,1.8,1.8,1.8,1.8,1.8,1.8,1.8,1.8,1.8,1.8,1.8,1.8,1.8,1.8,1.8,1.8,1.8,1.8,1.8,1.8,1.8,1.8,1.8,1.8,1.8,1.8,1.8,1.8,1.8,1.8,1.8,1.8,1.8,1.8,1.8,1.8,1.8,1.8,1.8,1.8,1.8,1.8,1.8,1.8,1.8,1.8,1.8,1.8,1.8,1.8,1.8,1.8,1.8,1.8,1.8,1.8,1.8,1.8,1.8,1.8,1.8,1.8,1.8,1.8,1.8,1.8,1.8,1.8
3377906287674510514,2017-06-28,1.8,1.8,1.8,1.8,1.8,1.8,1.8,1.8,1.8,1.8,1.8,1.8,1.8,1.8,1.8,1.8,1.8,1.8,1.8,1.8,1.8,1.8,1.8,1.8,1.8,1.8,1.8,1.8,1.8,1.8,1.8,1.8,1.8,1.8,1.8,1.8,1.8,1.8,1.8,1.8,1.8,1.8,1.8,1.8,1.8,1.8,1.8,1.8,1.8,1.8,1.8,1.8,1.8,1.8,1.8,1.8,1.8,1.8,1.8,1.8,1.8,1.8,1.8,1.8,1.8,1.8,1.8,1.8,1.8,1.8,1.8,1.8,1.8,1.8,1.8,1.8,1.8,1.8,1.8,1.8,1.8,1.8,1.8,1.8,1.8,1.8,1.8,1.8,1.8,1.8
3377906287674510514,2016-07-09,1.8,1.8,1.8,1.8,1.8,1.8,1.8,1.8,1.8,1.8,1.8,1.8,1.8,1.8,1.8,1.8,1.8,1.8,1.8,1.8,1.8,1.8,1.8,1.8,1.8,1.8,1.8,1.8,1.8,1.8,1.8,1.8,1.8,1.8,1.8,1.8,1.8,1.8,1.8,1.8,1.8,1.8,1.8,1.8,1.8,1.8,1.8,1.8,1.8,1.8,1.8,1.8,1.8,1.8,1.8,1.8,1.8,1.8,1.8,1.8,1.8,1.8,1.8,1.8,1.8,1.8,1.8,1.8,1.8,1.8,1.8,1.8,1.8,1.8,1.8,1.8,1.8,1.8,1.8,1.8,1.8,1.8,1.8,1.8,1.8,1.8,1.8,1.8,1.8,1.8
3377906287674510514,2016-07-08,1.8,1.8,1.8,1.8,1.8,1.8,1.8,1.8,1.8,1.8,1.8,1.8,1.8,1.8,1.8,1.8,1.8,1.8,1.8,1.8,1.8,1.8,1.8,1.8,1.8,1.8,1.8,1.8,1.8,1.8,1.8,1.8,1.8,1.8,1.8,1.8,1.8,1.8,1.8,1.8,1.8,1.8,1.8,1.8,1.8,1.8,1.8,1.8,1.8,1.8,1.8,1.8,1.8,1.8,1.8,1.8,1.8,1.8,1.8,1.8,1.8,1.8,1.8,1.8,1.8,1.8,1.8,1.8,1.8,1.8,1.8,1.8,1.8,1.8,1.8,1.8,1.8,1.8,1.8,1.8,1.8,1.8,1.8,1.8,1.8,1.8,1.8,1.8,1.8,1.8
3377906287674510514,2016-07-10,1.8,1.8,1.8,1.8,1.8,1.8,1.8,1.8,1.8,1.8,1.8,1.8,1.8,1.8,1.8,1.8,1.8,1.8,1.8,1.8,1.8,1.8,1.8,1.8,1.8,1.8,1.8,1.8,1.8,1.8,1.8,1.8,1.8,1.8,1.8,1.8,1.8,1.8,1.8,1.8,1.8,1.8,1.8,1.8,1.8,1.8,1.8,1.8,1.8,1.8,1.8,1.8,1.8,1.8,1.8,1.8,1.8,1.8,1.8,1.8,1.8,1.8,1.8,1.8,1.8,1.8,1.8,1.8,1.8,1.8,1.8,1.8,1.8,1.8,1.8,1.8,1.8,1.8,1.8,1.8,1.8,1.8,1.8,1.8,1.8,1.8,1.8,1.8,1.8,1.8
3377906287674510514,2017-06-30,1.8,1.8,1.8,1.8,1.8,1.8,1.8,1.8,1.8,1.8,1.8,1.8,1.8,1.8,1.8,1.8,1.8,1.8,1.8,1.8,1.8,1.8,1.8,1.8,1.8,1.8,1.8,1.8,1.8,1.8,1.8,1.8,1.8,1.8,1.8,1.8,1.8,1.8,1.8,1.8,1.8,1.8,1.8,1.8,1.8,1.8,1.8,1.8,1.8,1.8,1.8,1.8,1.8,1.8,1.8,1.8,1.8,1.8,1.8,1.8,1.8,1.8,1.8,1.8,1.8,1.8,1.8,1.8,1.8,1.8,1.8,1.8,1.8,1.8,1.8,1.8,1.8,1.8,1.8,1.8,1.8,1.8,1.8,1.8,1.8,1.8,1.8,1.8,1.8,1.8
3377906287674510514,2016-07-13,1.8,1.8,1.8,1.8,1.8,1.8,1.8,1.8,1.8,1.8,1.8,1.8,1.8,1.8,1.8,1.8,1.8,1.8,1.8,1.8,1.8,1.8,1.8,1.8,1.8,1.8,1.8,1.8,1.8,1.8,1.8,1.8,1.8,1.8,1.8,1.8,1.8,1.8,1.8,1.8,1.8,1.8,1.8,1.8,1.8,1.8,1.8,1.8,1.8,1.8,1.8,1.8,1.8,1.8,1.8,1.8,1.8,1.8,1.8,1.8,1.8,1.8,1.8,1.8,1.8,1.8,1.8,1.8,1.8,1.8,1.8,1.8,1.8,1.8,1.8,1.8,1.8,1.8,1.8,1.8,1.8,1.8,1.8,1.8,1.8,1.8,1.8,1.8,1.8,1.8
3377906287674510514,2016-07-14,1.8,1.8,1.8,1.8,1.8,1.8,1.8,1.8,1.8,1.8,1.8,1.8,1.8,1.8,1.8,1.8,1.8,1.8,1.8,1.8,1.8,1.8,1.8,1.8,1.8,1.8,1.8,1.8,1.8,1.8,1.8,1.8,1.8,1.8,1.8,1.8,1.8,1.8,1.8,1.8,1.8,1.8,1.8,1.8,1.8,1.8,1.8,1.8,1.8,1.8,1.8,1.8,1.8,1.8,1.8,1.8,1.8,1.8,1.8,1.8,1.8,1.8,1.8,1.8,1.8,1.8,1.8,1.8,1.8,1.8,1.8,1.8,1.8,1.8,1.8,1.8,1.8,1.8,1.8,1.8,1.8,1.8,1.8,1.8,1.8,1.8,1.8,1.8,1.8,1.8
3377906287674510514,2016-07-11,1.8,1.8,1.8,1.8,1.8,1.8,1.8,1.8,1.8,1.8,1.8,1.8,1.8,1.8,1.8,1.8,1.8,1.8,1.8,1.8,1.8,1.8,1.8,1.8,1.8,1.8,1.8,1.8,1.8,1.8,1.8,1.8,1.8,1.8,1.8,1.8,1.8,1.8,1.8,1.8,1.8,1.8,1.8,1.8,1.8,1.8,1.8,1.8,1.8,1.8,1.8,1.8,1.8,1.8,1.8,1.8,1.8,1.8,1.8,1.8,1.8,1.8,1.8,1.8,1.8,1.8,1.8,1.8,1.8,1.8,1.8,1.8,1.8,1.8,1.8,1.8,1.8,1.8,1.8,1.8,1.8,1.8,1.8,1.8,1.8,1.8,1.8,1.8,1.8,1.8
3377906287674510514,2016-07-12,1.8,1.8,1.8,1.8,1.8,1.8,1.8,1.8,1.8,1.8,1.8,1.8,1.8,1.8,1.8,1.8,1.8,1.8,1.8,1.8,1.8,1.8,1.8,1.8,1.8,1.8,1.8,1.8,1.8,1.8,1.8,1.8,1.8,1.8,1.8,1.8,1.8,1.8,1.8,1.8,1.8,1.8,1.8,1.8,1.8,1.8,1.8,1.8,1.8,1.8,1.8,1.8,1.8,1.8,1.8,1.8,1.8,1.8,1.8,1.8,1.8,1.8,1.8,1.8,1.8,1.8,1.8,1.8,1.8,1.8,1.8,1.8,1.8,1.8,1.8,1.8,1.8,1.8,1.8,1.8,1.8,1.8,1.8,1.8,1.8,1.8,1.8,1.8,1.8,1.8
3377906287674510514,2017-05-09,1.8,1.8,1.8,1.8,1.8,1.8,1.8,1.8,1.8,1.8,1.8,1.8,1.8,1.8,1.8,1.8,1.8,1.8,1.8,1.8,1.8,1.8,1.8,1.8,1.8,1.8,1.8,1.8,1.8,1.8,1.8,1.8,1.8,1.8,1.8,1.8,1.8,1.8,1.8,1.8,1.8,1.8,1.8,1.8,1.8,1.8,1.8,1.8,1.8,1.8,1.8,1.8,1.8,1.8,1.8,1.8,1.8,1.8,1.8,1.8,1.8,1.8,1.8,1.8,1.8,1.8,1.8,1.8,1.8,1.8,1.8,1.8,1.8,1.8,1.8,1.8,1.8,1.8,1.8,1.8,1.8,1.8,1.8,1.8,1.8,1.8,1.8,1.8,1.8,1.8
3377906287674510514,2017-05-05,1.8,1.8,1.8,1.8,1.8,1.8,1.8,1.8,1.8,1.8,1.8,1.8,1.8,1.8,1.8,1.8,1.8,1.8,1.8,1.8,1.8,1.8,1.8,1.8,1.8,1.8,1.8,1.8,1.8,1.8,1.8,1.8,1.8,1.8,1.8,1.8,1.8,1.8,1.8,1.8,1.8,1.8,1.8,1.8,1.8,1.8,1.8,1.8,1.8,1.8,1.8,1.8,1.8,1.8,1.8,1.8,1.8,1.8,1.8,1.8,1.8,1.8,1.8,1.8,1.8,1.8,1.8,1.8,1.8,1.8,1.8,1.8,1.8,1.8,1.8,1.8,1.8,1.8,1.8,1.8,1.8,1.8,1.8,1.8,1.8,1.8,1.8,1.8,1.8,1.8
3377906287674510514,2017-05-06,4.8,4.8,4.8,4.8,4.8,4.8,4.8,4.8,4.8,4.8,4.8,4.8,4.8,4.8,4.8,4.8,4.8,4.8,4.8,4.8,4.8,4.8,4.8,4.8,4.8,4.8,4.8,4.8,4.8,4.8,4.8,4.8,4.8,4.8,4.8,4.8,4.8,4.8,4.8,4.8,4.8,4.8,4.8,4.8,4.8,4.8,4.8,4.8,4.8,4.8,4.8,4.8,4.8,4.8,4.8,4.8,4.8,4.8,4.8,4.8,4.8,4.8,4.8,4.8,4.8,4.8,4.8,4.8,4.8,4.8,4.8,4.8,4.8,4.8,4.8,4.8,4.8,4.8,4.8,4.8,4.8,4.8,4.8,4.8,4.8,4.8,4.8,4.8,4.8,4.8
3377906287674510514,2017-05-07,1.8,1.8,1.8,1.8,1.8,1.8,1.8,1.8,1.8,2.0,2.0,2.0,2.0,2.0,2.0,5.9,5.9,5.9,5.9,5.9,5.9,5.9,5.9,5.9,5.9,5.9,5.9,5.9,5.9,5.9,5.9,5.9,5.9,5.9,5.9,5.9,5.9,5.9,5.9,5.9,5.9,5.9,5.9,5.9,5.9,5.9,5.9,5.9,5.9,5.9,5.9,5.9,5.9,5.9,5.9,5.9,5.9,5.9,5.9,5.9,5.9,5.9,5.9,5.9,5.9,5.9,5.9,5.9,5.9,5.9,5.9,5.9,5.9,5.9,5.9,5.9,5.9,5.9,5.9,5.9,5.9,5.9,5.9,5.9,5.9,5.9,5.9,5.9,5.9,5.9
3377906287674510514,2017-05-08,1.8,1.8,1.8,1.8,1.8,1.8,1.8,1.8,1.8,1.8,1.8,1.8,1.8,1.8,1.8,1.8,1.8,1.8,1.8,1.8,1.8,1.8,1.8,1.8,1.8,1.8,1.8,1.8,1.8,1.8,1.8,1.8,1.8,1.8,1.8,1.8,1.8,1.8,1.8,1.8,1.8,1.8,1.8,1.8,1.8,1.8,1.8,1.8,1.8,1.8,1.8,1.8,1.8,1.8,1.8,1.8,1.8,1.8,1.8,1.8,1.8,1.8,1.8,1.8,1.8,1.8,1.8,1.8,1.8,1.8,1.8,1.8,1.8,1.8,1.8,1.8,1.8,1.8,1.8,1.8,1.8,1.8,1.8,1.8,1.8,1.8,1.8,1.8,1.8,1.8
3377906287674510514,2017-05-01,1.8,1.8,1.8,1.8,1.8,1.8,1.8,1.8,1.8,1.8,1.8,1.8,1.8,1.8,1.8,1.8,1.8,1.8,1.8,1.8,1.8,1.8,1.8,1.8,1.8,1.8,1.8,1.8,1.8,1.8,1.8,1.8,1.8,1.8,1.8,1.8,1.8,1.8,1.8,1.8,1.8,1.8,1.8,1.8,1.8,1.8,1.8,1.8,1.8,1.8,1.8,1.8,1.8,1.8,1.8,1.8,1.8,1.8,1.8,1.8,1.8,1.8,1.8,1.8,1.8,1.8,1.8,1.8,1.8,1.8,1.8,1.8,1.8,1.8,1.8,1.8,1.8,1.8,1.8,1.8,1.8,1.8,1.8,1.8,1.8,1.8,1.8,1.8,1.8,1.8
3377906287674510514,2017-05-02,1.8,1.8,1.8,1.8,1.8,1.8,1.8,1.8,1.8,1.8,1.8,1.8,1.8,1.8,1.8,1.8,1.8,1.8,1.8,1.8,1.8,1.8,1.8,1.8,1.8,1.8,1.8,1.8,1.8,1.8,1.8,1.8,1.8,1.8,1.8,1.8,1.8,1.8,1.8,1.8,1.8,1.8,1.8,1.8,1.8,1.8,1.8,1.8,1.8,1.8,1.8,1.8,1.8,1.8,1.8,1.8,1.8,1.8,1.8,1.8,1.8,1.8,1.8,1.8,1.8,1.8,1.8,1.8,1.8,1.8,1.8,1.8,1.8,1.8,1.8,1.8,1.8,1.8,1.8,1.8,1.8,1.8,1.8,1.8,1.8,1.8,1.8,1.8,1.8,1.8
3377906287674510514,2017-05-03,1.8,1.8,1.8,1.8,1.8,1.8,1.8,1.8,1.8,1.8,1.8,1.8,1.8,1.8,1.8,1.8,1.8,1.8,1.8,1.8,1.8,1.8,1.8,1.8,1.8,1.8,1.8,1.8,1.8,1.8,1.8,1.8,1.8,1.8,1.8,1.8,1.8,1.8,1.8,1.8,1.8,1.8,1.8,1.8,1.8,1.8,1.8,1.8,1.8,1.8,1.8,1.8,1.8,1.8,1.8,1.8,1.8,1.8,1.8,1.8,1.8,1.8,1.8,1.8,1.8,1.8,1.8,1.8,1.8,1.8,1.8,1.8,1.8,1.8,1.8,1.8,1.8,1.8,1.8,1.8,1.8,1.8,1.8,1.8,1.8,1.8,1.8,1.8,1.8,1.8
3377906287674510514,2017-05-04,1.8,1.8,1.8,1.8,1.8,1.8,1.8,1.8,1.8,1.8,1.8,1.8,1.8,1.8,1.8,1.8,1.8,1.8,1.8,1.8,1.8,1.8,1.8,1.8,1.8,1.8,1.8,1.8,1.8,1.8,1.8,1.8,1.8,1.8,1.8,1.8,1.8,1.8,1.8,1.8,1.8,1.8,1.8,1.8,1.8,1.8,1.8,1.8,1.8,1.8,1.8,1.8,1.8,1.8,1.8,1.8,1.8,1.8,1.8,1.8,1.8,1.8,1.8,1.8,1.8,1.8,1.8,1.8,1.8,1.8,1.8,1.8,1.8,1.8,1.8,1.8,1.8,1.8,1.8,1.8,1.8,1.8,1.8,1.8,1.8,1.8,1.8,1.8,1.8,1.8
3377906287674510514,2017-05-11,1.8,1.8,1.8,1.8,1.8,1.8,1.8,1.8,1.8,1.8,1.8,1.8,1.8,1.8,1.8,1.8,1.8,1.8,1.8,1.8,1.8,1.8,1.8,1.8,1.8,1.8,1.8,1.8,1.8,1.8,1.8,1.8,1.8,1.8,1.8,1.8,1.8,1.8,1.8,1.8,1.8,1.8,1.8,1.8,1.8,1.8,1.8,1.8,1.8,1.8,1.8,1.8,1.8,1.8,1.8,1.8,1.8,1.8,1.8,1.8,1.8,1.8,1.8,1.8,1.8,1.8,1.8,1.8,1.8,1.8,1.8,1.8,1.8,1.8,1.8,1.8,1.8,1.8,1.8,1.8,1.8,1.8,1.8,1.8,1.8,1.8,1.8,1.8,1.8,1.8
3377906287674510514,2017-05-10,1.8,1.8,1.8,1.8,1.8,1.8,1.8,1.8,1.8,1.8,1.8,1.8,1.8,1.8,1.8,1.8,1.8,1.8,1.8,1.8,1.8,1.8,1.8,1.8,1.8,1.8,1.8,1.8,1.8,1.8,1.8,1.8,1.8,1.8,1.8,1.8,1.8,1.8,1.8,1.8,1.8,1.8,1.8,1.8,1.8,1.8,1.8,1.8,1.8,1.8,1.8,1.8,1.8,1.8,1.8,1.8,1.8,1.8,1.8,1.8,1.8,1.8,1.8,1.8,1.8,1.8,1.8,1.8,1.8,1.8,1.8,1.8,1.8,1.8,1.8,1.8,1.8,1.8,1.8,1.8,1.8,1.8,1.8,1.8,1.8,1.8,1.8,1.8,1.8,1.8
3377906287674510514,2016-07-01,1.8,1.8,1.8,1.8,1.8,1.8,1.8,1.8,1.8,1.8,1.8,1.8,1.8,1.8,1.8,1.8,1.8,1.8,1.8,1.8,1.8,1.8,1.8,1.8,1.8,1.8,1.8,1.8,1.8,1.8,1.8,1.8,1.8,1.8,1.8,1.8,1.8,1.8,1.8,1.8,1.8,1.8,1.8,1.8,1.8,1.8,1.8,1.8,1.8,1.8,1.8,1.8,1.8,1.8,1.8,1.8,1.8,1.8,1.8,1.8,1.8,1.8,1.8,1.8,1.8,1.8,1.8,1.8,1.8,1.8,1.8,1.8,1.8,1.8,1.8,1.8,1.8,1.8,1.8,1.8,1.8,1.8,1.8,1.8,1.8,1.8,1.8,1.8,1.8,1.8
3377906287674510514,2016-07-02,1.8,1.8,1.8,1.8,1.8,1.8,1.8,1.8,1.8,1.8,1.8,1.8,1.8,1.8,1.8,1.8,1.8,1.8,1.8,1.8,1.8,1.8,1.8,1.8,1.8,1.8,1.8,1.8,1.8,1.8,1.8,1.8,1.8,1.8,1.8,1.8,1.8,1.8,1.8,1.8,1.8,1.8,1.8,1.8,1.8,1.8,1.8,1.8,1.8,1.8,1.8,1.8,1.8,1.8,1.8,1.8,1.8,1.8,1.8,1.8,1.8,1.8,1.8,1.8,1.8,1.8,1.8,1.8,1.8,1.8,1.8,1.8,1.8,1.8,1.8,1.8,1.8,1.8,1.8,1.8,1.8,1.8,1.8,1.8,1.8,1.8,1.8,1.8,1.8,1.8
3377906287674510514,2016-07-03,1.8,1.8,1.8,1.8,1.8,1.8,1.8,1.8,1.8,1.8,1.8,1.8,1.8,1.8,1.8,1.8,1.8,1.8,1.8,1.8,1.8,1.8,1.8,1.8,1.8,1.8,1.8,1.8,1.8,1.8,1.8,1.8,1.8,1.8,1.8,1.8,1.8,1.8,1.8,1.8,1.8,1.8,1.8,1.8,1.8,1.8,1.8,1.8,1.8,1.8,1.8,1.8,1.8,1.8,1.8,1.8,1.8,1.8,1.8,1.8,1.8,1.8,1.8,1.8,1.8,1.8,1.8,1.8,1.8,1.8,1.8,1.8,1.8,1.8,1.8,1.8,1.8,1.8,1.8,1.8,1.8,1.8,1.8,1.8,1.8,1.8,1.8,1.8,1.8,1.8
